id,title,publishedAt,viewCount,likeCount,commentCount
pYHGMrIiTuY,【 あつまれ どうぶつの森 】 新衣装で深夜の森【 奏手イヅル / ホロスターズ 】,2025-12-12T16:16:00Z,3205,417,4
K4R4A0rPxiQ,【#ホロスタ人類終末 】終末の眠り姫 【 奏手イヅル (クロックキャット) 視点 】,2025-12-11T14:22:12Z,3158,394,4
R8OBwAaXnds,【Cover】ヒロイン - back number / 奏手イヅル #shorts #歌ってみた #vtuber,2025-12-10T09:30:30Z,20447,2654,65
fzBifgR8OkU,【Unpacking】ゆったり睡眠導入お片付け男【 奏手イヅル 】,2025-12-09T17:57:58Z,6432,682,7
9MDi72S57ME,"【Rakuten esports cup うまいもの争奪戦】今日は俺も 美 少 女【 奏手イヅル w/ 稲荷いろは³ , レグルシュ・ライオンハート³ , 雪芽るみ³ 】",2025-12-06T14:18:15Z,8220,633,4
N-xt8XFItFQ,【新衣装】遅くなりますた【 奏手イヅル 】,2025-12-05T10:13:57Z,9429,1468,24
lAfr5ZPutlo,【Cover】IRIS OUT - 米津玄師 / 奏手イヅル #shorts,2025-12-05T10:10:57Z,27693,3847,53
mtsXPJ3K7cw,【Cover】IRIS OUT - 米津玄師 / 奏手イヅル,2025-12-05T10:00:06Z,57381,6981,249
dKJYMIbijuA,【#ホロスタWinter2025】クリスマスケーキ作り！ 【 奏手イヅル・花咲みやび・アルランディス・夜十神封魔】,2025-12-04T11:49:33Z,12006,1153,14
bJ7QVEO72Bg,【トルービズの秘薬師】深夜チルポーション部【 奏手イヅル 】,2025-12-03T15:42:42Z,2960,373,6
I2wTWAPls98,【Cover】おやすみ泣き声、さよなら歌姫 - クリープハイプ / 奏手イヅル #shorts #歌ってみた #vtuber,2025-12-02T10:30:21Z,33663,3642,107
vNS_pFq3y7I,"【TFT】 本番２日目！ w/ 水無瀬 , 神楽めあ , AlphaAzur , しかめまどか , summertimer【 奏手イヅル 】",2025-11-30T14:03:16Z,4415,378,2
G80Alca4Cqo,"【TFT】 本番1日目！ w/ 水無瀬 , 神楽めあ , AlphaAzur , しかめまどか , summertimer【 奏手イヅル 】",2025-11-29T13:09:20Z,4049,337,4
p89v-L3o0y0,"【TFT】 スクリム！ﾁﾑA w/ 水無瀬 , 神楽めあ , AlphaAzur , しかめまどか , summertimer【 奏手イヅル 】",2025-11-28T17:48:35Z,5056,376,3
YEl90WNSou0,【#ホロスタ人類終末 】人類最後のみなさまへ 【 奏手イヅル (セレスティア) 視点 】,2025-11-27T15:00:16Z,5054,498,5
HcxfRzFh_R8,【Cast n Chill】深夜 雑談しながら釣り 【 奏手イヅル 】,2025-11-26T18:49:48Z,3346,369,5
tgWejHmu7Ks,"【TFT】 顔合わせ！ﾁﾑA w/ 水無瀬 , 神楽めあ , AlphaAzur , しかめまどか , summertimer【 奏手イヅル 】",2025-11-26T15:16:40Z,7357,465,2
OPGbb_Ig4kI,まだ猫は逃げますか？ をやる【 奏手イヅル 】,2025-11-25T16:16:42Z,3381,430,3
Hi4SdfMtOkk,"【スタバレマルチ】３日目 公民館を目指せ w/ 日向まる, 小柳ロウ, アルランディス, 水無瀬, おなつのにびたし【 奏手イヅル / ホロスターズ 】",2025-11-24T11:35:20Z,8577,627,2
u-nxV3XCKPI,"【R.E.P.O.】真・スーパーの皆さんと【 奏手イヅル w/ 夕刻ロベル, 堀西, 稲荷いろは, 光葉エニ, Day1 】",2025-11-23T17:47:51Z,6918,623,5
8xwURUZ4MNc,【TFT】 いまどうなってるんやﾀｸﾃｨｸｽ【 奏手イヅル 】,2025-11-23T09:11:30Z,2657,405,1
HbFmCdvR8LA,【Cast n Chill】深夜 ちょろりと釣り男 【 奏手イヅル 】,2025-11-21T19:03:30Z,3158,402,4
EfwV97zeW58,"【Project Winter】MADな雪山人狼！【 奏手イヅル w/折咲もしゅ, るぅと, 莉犬くん, アマル, 稲荷いろは, ろぜっくぴん, 夢咲ひぽぽ  】",2025-11-20T16:13:28Z,6495,540,2
4h3vx_TTWgU,"【VALORANT】 2日目！スカーミッシュトーナメント 【 奏手イヅル w/ アルランディス, oitaN³ 】",2025-11-17T00:37:49Z,6765,441,6
uw4zaDVTHmw,"【VALORANT】 スカーミッシュトーナメント【 奏手イヅル w/ アルランディス, oitaN³ 】",2025-11-16T00:24:14Z,6345,473,3
ITiZI02JbsU,【 あつまれ どうぶつの森 】 深夜のチル雑談じゃ【 奏手イヅル / ホロスターズ 】,2025-11-14T16:51:15Z,4137,410,4
wlbgShWhqyM,弾き語り歌枠！※ｶﾒﾗなし【奏手イヅル】,2025-11-13T15:41:16Z,9647,1066,15
xLPh9lfidM0,"【ARC Raiders】 急に始める初心者【 奏手イヅル w/ばぁう k, あっと k  】",2025-11-11T17:22:28Z,5125,496,4
nom5vpOIsXw,【Cast n Chill】深夜 まったり釣り男 【 奏手イヅル 】,2025-11-08T17:26:34Z,4073,470,5
Ugq7rEqGQb0,【Cover】プロポーズ - なとり / 奏手イヅル #shorts #歌ってみた #vtuber,2025-11-08T08:30:30Z,48526,5455,90
gBzQ_iQO5rU,【 あつまれ どうぶつの森 】 久々深夜雑談チル森【 奏手イヅル / ホロスターズ 】,2025-11-07T16:17:17Z,4001,423,2
y--nbEwXiQM,【Cast n Chill】深夜 のんびり釣り男 【 奏手イヅル 】,2025-11-05T15:55:29Z,3903,488,2
fQqnRRPq52s,じゃ、歌枠するね… 【 奏手イヅル 】,2025-11-04T13:05:25Z,10882,1141,16
iNNuCtzc9C0,”エスケープ フロム ダッコフ”  を流石にやらせて頂く【 奏手イヅル 】,2025-11-02T16:08:51Z,3764,414,2
CNHOWxgBvwE,【ブリッジキャストワン】最新のゲーミングオーディオミキサー使って二人でOW２！【 奏手イヅル 】,2025-11-01T12:08:18Z,3243,543,2
gfA5AvctJ6c,#MADTOWN 10/31 最終日店員【 奏手イヅル 】,2025-10-31T17:23:00Z,13474,738,8
n57O4f6Kr2U,#MADTOWN 10/30 あと二日らしい店員【 奏手イヅル 】,2025-10-30T18:18:13Z,12687,629,4
AGHuR3sk_n0,”エスケープ フロム ダッコフ” を俺もやりたい【 奏手イヅル 】,2025-10-28T17:12:41Z,6387,573,3
_smRWvstEQ0,"【Cover】ノーダウト - Official髭男dism / 奏手イヅル, 鯨木, ビエラ",2025-10-27T09:46:31Z,36577,2749,23
1zf9BXwDTWY,"【Cover】ノーダウト - Official髭男dism / 奏手イヅル, 鯨木, ビエラ",2025-10-27T09:00:07Z,71586,5059,132
_9XBykPsik0,#MADTOWN 10/25 夜勤店員【 奏手イヅル 】,2025-10-25T18:11:17Z,17125,952,12
3qaCBjxGx00,#MADTOWN 10/24 ここに骨をうずめる店員【 奏手イヅル 】,2025-10-24T18:28:17Z,26951,1010,3
tzzMSn0u8HY,【Cover】IRIS OUT - 米津玄師 / 奏手イヅル #shorts #歌ってみた #vtuber,2025-10-23T08:30:30Z,116016,8551,188
rSO34NAMXQA,#MADTOWN 10/19 珍しく早番スーパー店員【 奏手イヅル 】,2025-10-19T18:24:34Z,19790,890,5
MplLG8GMmhM,#MADTOWN 10/17 夜勤のスーパー店員【 奏手イヅル 】,2025-10-17T18:10:26Z,7506,470,2
Yb3HtJo6rO0,【 あつまれ どうぶつの森 】 珍しい早朝の森【 奏手イヅル / ホロスターズ 】,2025-10-17T02:23:01Z,3457,407,3
3BhLul8UXFc,#MADTOWN 10/15 3週目のベテランスパ店【 奏手イヅル 】,2025-10-15T18:15:20Z,11736,601,4
kMJ_nTcqJcs,"【 FFL Delta Force ~天使vs悪魔~ 】 闇の悪魔軍【 奏手イヅル w/ アルランディス, おなつのにびたし, 巫神こん 】",2025-10-15T13:21:11Z,4513,446,1
m3p9ZTfTtGU,"【R.E.P.O.】スーパーの皆さんと【 奏手イヅル w/ 夕刻ロベル, 堀西, 稲荷いろは, 光葉エニ 】",2025-10-13T16:57:44Z,7756,712,4
oOzijvaO7MU,デスバーガー をやる【 奏手イヅル 】,2025-10-13T13:16:21Z,3580,454,4
3OrxaOeanQI,#MADTOWN 10/12 作業服増やしてﾌｧｱﾑ【 奏手イヅル 】,2025-10-12T18:24:12Z,22354,935,6
qR1D2WpD50k,おにぎり屋が好きだ【 奏手イヅル 】,2025-10-12T10:21:14Z,5578,626,2
aN2Lx8_yr7U,#MADTOWN 10/10 本日もにゅるりと店員【 奏手イヅル 】,2025-10-10T18:20:49Z,14860,686,5
NLSF3OtNZZg,#MADTOWN 10/08 滑り込み店員【 奏手イヅル 】,2025-10-08T18:12:38Z,9896,573,5
hQegDKOsTmg,""" メグとばけもの "" と【 奏手イヅル 】",2025-10-07T18:33:01Z,4519,522,6
TUa8icRR_KM,#MADTOWN 10/05 遅番店員【 奏手イヅル 】,2025-10-05T18:15:36Z,10752,599,4
28Va_Sjp0gs,【豊潤サジー】サジスタWEEK！雑談と歌！【 奏手イヅル】,2025-10-05T12:08:45Z,4437,635,5
9EFDq24IYMs,#MADTOWN 10/04 大荒れの街でｽﾊﾟ店【 奏手イヅル 】,2025-10-04T18:25:06Z,18169,856,5
AYDgLQKxSF4,【 あつまれ どうぶつの森 】 自分自身を寝かしつける森【 奏手イヅル / ホロスターズ 】,2025-10-03T19:08:58Z,3536,374,3
5x8-h4rqV4w,#MADTOWN 10/02 チルくスーパー店員【 奏手イヅル 】,2025-10-02T18:30:02Z,13438,716,3
x_otm1of1AA,#MADTOWN 10/01 ゆるっと見て回るやつ【 奏手イヅル 】,2025-10-01T18:16:31Z,17282,923,5
_54XupGytPc,ひとつまみのカラオケ歌枠 【 奏手イヅル 】,2025-09-28T12:18:58Z,12374,1234,10
s1TIFkR-NKs,"No, I'm not a Human をやる【 奏手イヅル 】",2025-09-27T17:50:40Z,5570,581,4
7j6V7xwUcBs,🍒足の裏筋肉痛 雑談 【 奏手イヅル 】,2025-09-24T16:48:44Z,6507,669,6
KVboPFBfbfc,【Cover】チェリーポップ - DECO*27 / 奏手イヅル #shorts,2025-09-24T09:00:35Z,52770,3760,22
gygplp5em60,【Cover】チェリーポップ - DECO*27 / 奏手イヅル,2025-09-22T09:00:06Z,140333,6653,223
Nf0kaDn-hxM,【DEATH NOTE Killer Within】デスノート人狼!! をやるぞ！！ 【奏手イヅル 】,2025-09-21T15:52:11Z,10807,749,7
9kpt3dsk92A,【 あつまれ どうぶつの森 】 眠れない人のため、ゆるい森【 奏手イヅル / ホロスターズ 】,2025-09-20T17:08:21Z,4597,472,3
DXNF3U1ahb4,ゴブリン・ノーム・ホーン をやる【 奏手イヅル 】,2025-09-20T09:44:18Z,4453,524,4
U1Nf2TjlQ_Q,【FALLGUYS】#ホロスタ大運動会 前哨戦ともいえる【 奏手イヅル 】,2025-09-19T12:25:06Z,5555,653,8
rpQWt7E6t8k,【LOL】ｽｸﾘﾑ！助っ人サポ~ LTK ST Next ~【 奏手イヅル 】,2025-09-17T10:22:24Z,5114,380,3
vZvvgfXB7oc,【LOL】助っ人サポ~ LTK ST Next ~【 奏手イヅル / ホロスターズ】,2025-09-15T18:04:17Z,8378,523,2
Achuvd18rcg,弾き語りする 【奏手イヅル】,2025-09-15T04:33:53Z,12953,1266,11
h1GUwm6pzTY,"【スタバレマルチ】2日目 公民館を目指せ w/ 日向まる, 小柳ロウ, アルランディス, 水無瀬, おなつのにびたし【 奏手イヅル / ホロスターズ 】",2025-09-14T12:10:32Z,7800,627,3
Gnrr4GbQ3o0,"【スタバレマルチ】1日目 みんなで農場再建！w/ 日向まる, 小柳ロウ, アルランディス, 水無瀬, おなつのにびたし【 奏手イヅル / ホロスターズ 】",2025-09-13T11:59:13Z,10891,777,4
mTRxRx89w1k,【Stardew Valley】夕方にもチルは存在する農場【 奏手イヅル / ホロスターズ 】,2025-09-12T11:48:21Z,4412,432,2
_W-O6tAYxPA,【Stardew Valley】駆け込み深夜のチル農場【 奏手イヅル / ホロスターズ 】,2025-09-10T18:26:23Z,4877,456,3
9b2G0spbG9s,闇鍋人狼 をやるぞ！ w/ アルランディス 絲依とい³ カワクラ³ 【 奏手イヅル / ホロスターズ 】,2025-09-10T12:29:59Z,4349,494,1
lQeASJYaeRY,【Dinkum】恐らく最後の島開拓 w/ 🌺 🕯 🦔🃏 【 奏手イヅル / ホロスターズ 】,2025-09-09T16:23:44Z,3674,407,2
35veQuQ0zQg,【 あつまれ どうぶつの森 】 深夜のチルい睡魔の森【 奏手イヅル / ホロスターズ 】,2025-09-07T17:56:29Z,3787,437,3
Zu8aS259Gf8,【Stardew Valley】深夜の安眠農場【 奏手イヅル / ホロスターズ 】,2025-09-04T18:55:50Z,4608,500,6
tVY6nx67Ojk,【チームファイト タクティクス】TFTダブルアップカスタム【 奏手イヅル / ホロスターズ 】,2025-09-03T13:58:54Z,4605,446,3
oYAKZD_GICg,【LOL】かすたむ w/ AlphaAzur kinako³ KH³ 釈迦³ かみと³ やうじ イブラヒム³ 日裏クロ うるか³【 奏手イヅル / ホロスターズ】,2025-08-31T15:30:43Z,10297,563,3
ruxq-Fdx7YI,【Dinkum】チルい島開拓 w/ 🌺 🕯 🦔🃏 【 奏手イヅル / ホロスターズ 】,2025-08-30T19:09:41Z,4828,446,2
RWthWuNF6g8,【 あつまれ どうぶつの森 】 チルくやる 深夜の森【 奏手イヅル / ホロスターズ 】,2025-08-29T18:38:39Z,4932,492,4
bMnqvVdmQC0,【Stardew Valley】眠れない人おいで農場【 奏手イヅル / ホロスターズ 】,2025-08-28T18:18:45Z,4659,522,2
MFDF8tpSn5o,【TFT】本番！TFTを1から学ぶ！FAST8【 奏手イヅル / ホロスターズ 】,2025-08-24T15:48:44Z,3924,394,4
ItgzVHQLzec,【TFT】TFTを1から学ぶ！FAST8 二日目その２【 奏手イヅル / ホロスターズ 】,2025-08-24T00:59:13Z,3371,344,4
PWXEhfnQAf4,【TFT】TFTを1から学ぶ！FAST8 二日目その１【 奏手イヅル / ホロスターズ 】,2025-08-23T21:52:45Z,6078,519,2
2nJ3WgKimMY,【TFT】TFTを1から学ぶ！FAST8 まずは初心者講習【 奏手イヅル / ホロスターズ 】,2025-08-22T21:33:28Z,7786,615,3
u8a2mBr0iGE,【VALORANT】ひさびさのヴァ【 奏手イヅル / ホロスターズ 】,2025-08-21T21:23:53Z,5769,570,2
AaUGP2z2q4I,【Stardew Valley】深夜のチル農場【 奏手イヅル / ホロスターズ 】,2025-08-19T17:50:37Z,5089,556,3
yB1osUWGxRY,【League of Legends】ふるぱきたー！w/ 歌衣メイカ³ 木村良平³ るぅと³ とおこ³【 奏手イヅル / ホロスターズ 】,2025-08-18T16:35:12Z,9300,678,4
kPo215zvI2c,【 あつまれ どうぶつの森 】 眠りたい人のための森【 奏手イヅル / ホロスターズ 】,2025-08-15T16:15:35Z,4071,472,3
OHv65uxe4gQ,【Stardew Valley】眠れない人のための農場 【 奏手イヅル / ホロスターズ 】,2025-08-14T19:02:29Z,6323,662,4
aI0aj8tY-z0,２０２５ #奏手イヅル3D路上ライブ 【 奏手イヅル / ホロスターズ 】,2025-08-12T11:27:12Z,26733,3171,57
VAdfjyjLLuI,奏手イヅル『 地下室を出たら 』Official Music Video,2025-08-12T11:15:06Z,67723,4583,173
YSGxC7B86pU,誕生日を迎えたりす【 奏手イヅル / ホロスターズ 】,2025-08-11T15:38:33Z,5892,930,24
ud6CtypmqKk,【エターナルリターン】ゆかそ えたりた【 奏手イヅル / 千燈ゆうひ / デイワン 】,2025-08-11T10:13:20Z,5432,497,3
7QlorAVwEzU,【Stardew Valley】朝のゆる農場 【 奏手イヅル / ホロスターズ 】,2025-08-11T01:35:35Z,4319,480,3
EUEZ7BZirQA,【 あつまれ どうぶつの森 】 世にも奇妙な夕方の森【 奏手イヅル / ホロスターズ 】,2025-08-09T10:25:51Z,3824,392,1
vUZJ8jB4VG0,【The Headliners】ゆかそ写真部【 奏手イヅル / ホロスターズ 】,2025-08-07T14:27:43Z,7176,695,6
JkTVTkoI3SA,【Stardew Valley】農場 秋よ来い【 奏手イヅル / ホロスターズ 】,2025-08-04T19:10:37Z,5643,534,2
LUK5JYat_hg,【Dinkum】どこまでも続く島作り w/ 🌺 🕯 🦔🃏 【 奏手イヅル / ホロスターズ 】,2025-08-02T17:02:06Z,4221,438,3
DGUvmuOKSOE,【 あつまれ どうぶつの森 】 やっぱり素潜りな森 【 奏手イヅル / ホロスターズ 】,2025-08-01T16:40:23Z,4621,467,3
564ZQ7WQCHo,【Stardew Valley】最高の農場ゲー【 奏手イヅル / ホロスターズ 】,2025-07-31T18:31:43Z,5590,585,2
RAKMNxkZdLI,弾き語りで 歌う ぞい【 奏手イヅル / ホロスターズ 】,2025-07-31T13:58:14Z,9006,855,9
UgBY4BemZW8,【Stardew Valley】人は農に帰する【 奏手イヅル / ホロスターズ 】,2025-07-29T18:46:45Z,7446,631,1
sEVrPqUzPzo,【Stardew Valley】この農業ゲーム深いｯ【 奏手イヅル / ホロスターズ 】,2025-07-27T17:41:36Z,6729,611,2
D8lhnYgZejE,【 あつまれ どうぶつの森 】 夏バテから復活の森 【 奏手イヅル / ホロスターズ 】,2025-07-25T16:11:11Z,5032,515,2
_GKniB87euc,【Stardew Valley】初見でチルく自給自足【 奏手イヅル / ホロスターズ 】,2025-07-23T17:02:22Z,7645,676,6
iBSHjGcoN6c,【Minecraft】不思議なメンバーでやるマイクラハードコア　その２【奏手イヅル / ホロスターズ】,2025-07-21T00:19:49Z,8377,499,6
zxk33f2taL0,【Minecraft】不思議なメンバーでやるマイクラハードコア【奏手イヅル / ホロスターズ】,2025-07-20T22:34:29Z,25815,1051,4
o_VnyKfnhWU,【Cover】ワールズエンド・イヴ - メル / 奏手イヅル,2025-07-17T10:00:06Z,55924,3086,85
zoLdKAhVrDQ,【The Headliners】ホロスタ写真部？！【 奏手イヅル / ホロスターズ 】,2025-07-15T18:36:03Z,6361,594,3
GnTnb6fDeg8,【 あつまれ どうぶつの森 】 夏バテの森【 奏手イヅル / ホロスターズ 】,2025-07-11T18:10:25Z,6526,528,2
D-CTPRGozwk,【Dinkum】無限ともいえる島作り w/ 🌺 🕯 🦔🃏 【 奏手イヅル / ホロスターズ 】,2025-07-10T17:43:11Z,6152,493,1
EPZgH-bEQf8,ギター弾いて歌うやつ【 奏手イヅル / ホロスターズ 】,2025-07-10T13:34:28Z,14965,1320,15
ft7rL972o8E,【Minecraft】ソローハードコアはいつやったっていい【奏手イヅル / ホロスターズ】,2025-07-06T19:28:00Z,9705,754,3
WAZQ-7oBD1E,【 あつまれ どうぶつの森 】 ゆるく話しながら作る森【 奏手イヅル / ホロスターズ 】,2025-07-04T16:42:20Z,6453,562,5
NTCcmyR9zjk,【LOL】ふるぱいくぞー！！【 奏手イヅル / ホロスターズ】,2025-07-02T16:47:59Z,12309,589,3
nZtM2uZd1tE,雑談することもある【 奏手イヅル / ホロスターズ】,2025-07-01T11:56:18Z,16409,1008,6
90hb-J7SfVY,【Dinkum】ゆるい島作りをしているのか雑談をしているのか w/ 🌺 🕯 🦔🃏 【 奏手イヅル / ホロスターズ 】,2025-06-30T18:02:06Z,7800,549,2
cv2E0CRgexE,#MADTOWN (β) -まぁどっと４週目最終日 【 奏手イヅル / ホロスターズ】,2025-06-29T18:24:39Z,37215,1448,25
0MhFuC04b5w,#MADTOWN (β) -ほぇすっと４週目３日 【 奏手イヅル / ホロスターズ】,2025-06-28T18:22:45Z,41256,1288,4
RcHw5pmM_dk,【LOL】ろるMADTOWNかすたむ ver. 2【 奏手イヅル / ホロスターズ】,2025-06-27T21:59:57Z,16039,552,1
S9BsJPUFuVg,#MADTOWN (β) -のそっと４週目２日 【 奏手イヅル / ホロスターズ】,2025-06-27T18:34:51Z,26231,974,4
Pu5ihWdJg-Q,【LOL】ろるMADTOWNかすたむ【 奏手イヅル / ホロスターズ】,2025-06-26T21:46:30Z,14220,557,1
-RvD5YswOAg,#MADTOWN (β) - ふぁかっと４週目１日 【 奏手イヅル / ホロスターズ】,2025-06-26T18:35:30Z,41643,1516,7
O2NYYXmz_5M,【Cover】夜咄ディセイブ - じん / 奏手イヅル #shorts,2025-06-23T10:41:21Z,25159,2600,21
VpnBMj0Hp5I,#MADTOWN (β) - しゅねっと３週目５日 【 奏手イヅル / ホロスターズ】,2025-06-22T18:15:43Z,27749,1082,7
1zNlSvEPoMk,【弾き語り歌枠】弾き語る、今日も【 奏手イヅル / ホロスターズ 】,2025-06-22T11:30:30Z,16017,1465,24
6fqf0px46nU,【Cover】夜咄ディセイブ - じん / 奏手イヅル,2025-06-22T09:00:06Z,114733,6526,175
31YgLRj0mSM,#MADTOWN (β) - とぁとっと３週目４日 【 奏手イヅル / ホロスターズ】,2025-06-21T18:23:44Z,39464,1437,9
21ZDgJL1EJQ,【 あつまれ どうぶつの森 】 マイナスイオンの森【 奏手イヅル / ホロスターズ 】,2025-06-20T17:58:28Z,4378,447,1
DvkXxlBcNS8,#MADTOWN (β) - もぁれっと３週目３日 【 奏手イヅル / ホロスターズ】,2025-06-20T15:16:23Z,17182,782,3
PUZZ1ZonpPI,#MADTOWN (β) - ちぃるっと３週目２日 【 奏手イヅル / ホロスターズ】,2025-06-19T18:23:22Z,21153,898,3
zKpE8_rlJ8Q,#MADTOWN (β) - ぽぃぽっと３週目１日 【 奏手イヅル / ホロスターズ】,2025-06-18T18:18:07Z,28916,1063,5
BLyfrsgplow,【Dinkum】そろそろ島をゴルフ場にする時が来た w/ 🌺 🕯 🦔🃏 【 奏手イヅル / ホロスターズ 】,2025-06-16T17:33:41Z,5958,494,2
vnaOEGTFMBA,#MADTOWN (β) - ぎぇがっと2週目５日 【 奏手イヅル / ホロスターズ】,2025-06-15T18:21:08Z,57715,1701,13
FCDv9TaQfG4,"【Delta Force】 がち初めてのﾃﾞﾙﾀﾌｫｰｽ【 奏手イヅル w/ アステル, 羽継烏有, RcckMaYbe 】",2025-06-15T06:20:14Z,6390,498,1
RE0YxgFD5fw,#MADTOWN (β) - すぁぺっと2週目４日 【 奏手イヅル / ホロスターズ】,2025-06-14T18:19:57Z,37031,1350,5
Tj3R0Y80kUQ,#MADTOWN (β) - にょりっと2週目３日 【 奏手イヅル / ホロスターズ】,2025-06-13T18:16:48Z,27727,1132,4
EfKi0fp5mgA,#MADTOWN (β) - どぁかっと2週目２日 【 奏手イヅル / ホロスターズ】,2025-06-12T18:16:23Z,37518,1320,13
lBDC6oeZqW8,#MADTOWN (β) - ずゃれっと2週目１日 【 奏手イヅル / ホロスターズ】,2025-06-11T18:09:07Z,33828,1185,3
8LsCDOUhnik,【 あつまれ どうぶつの森 】 だらっと話す島【 奏手イヅル / ホロスターズ 】,2025-06-10T17:12:15Z,4882,494,2
Bbnt6PNZHlU,#MADTOWN (β) - どゥるっと６日 【 奏手イヅル / ホロスターズ】,2025-06-08T18:22:41Z,26991,1150,9
B-cTCTQ2xHs,#MADTOWN (β) - にゅるっと５日 【 奏手イヅル / ホロスターズ】,2025-06-07T18:24:49Z,28469,1129,7
5RkDxKIem9Y,【Dinkum】ゆるく島を開拓するやつ w/ 🌺 🕯 🦔🃏 【 奏手イヅル / ホロスターズ 】,2025-06-06T18:51:45Z,6238,470,3
BQR-PVqzmXs,#MADTOWN (β) - ぷりっと4日 【 奏手イヅル / ホロスターズ】,2025-06-05T18:22:23Z,27636,1015,10
PVEyB7mJxgo,#MADTOWN (β) - つるっと3日 【 奏手イヅル / ホロスターズ】,2025-06-04T18:26:38Z,20650,905,5
OqffE_QA0D4,#MADTOWN (β) - ずるっと２日 【 奏手イヅル / ホロスターズ】,2025-06-03T18:23:02Z,23353,897,6
g9OCAph-ymk,#MADTOWN (β) - ゆるっと１日 【 奏手イヅル / ホロスターズ】,2025-06-02T17:26:26Z,27619,1187,7
Vn-KfgCecPo,【ストリートファイター6】スト6講習会 ｷﾀｰ!!( ﾟДﾟ) 【 奏手イヅル w/ 渋谷ハル ACQUA 歌衣メイカ 風楽奏斗 甘音あむ 紫宮るな 夕陽リリ】,2025-06-01T16:20:05Z,12883,827,1
ho-IuaLMDQk,月末のカラオケ 歌枠 【 奏手イヅル / ホロスターズ 】,2025-05-31T14:21:50Z,11899,1021,15
1Oyi2syceeg,【 あつまれ どうぶつの森 】 雑談しながら森【 奏手イヅル / ホロスターズ 】,2025-05-30T16:35:08Z,3405,399,3
DfU_wPm_0rU,【Dinkum】チル島探索 w/ 🌺 🕯 🃏🦔 【 奏手イヅル / ホロスターズ 】,2025-05-29T17:25:48Z,4524,436,4
CVy60vjN7co,タピるお茶屋 をやる【 奏手イヅル / ホロスターズ 】,2025-05-29T12:18:14Z,2800,385,1
-1jLkmh8AZo,【Dinkum】炭鉱に潜る w/ 🌺 🕯 🃏🦔 【 奏手イヅル / ホロスターズ 】,2025-05-26T18:14:33Z,4196,442,3
DgN1M4wzez4,【 あつまれ どうぶつの森 】 更地になった森【 奏手イヅル / ホロスターズ 】,2025-05-23T17:15:12Z,3963,445,2
WYRtIe198is,#LoLに負けるなカスタム ｷﾀｰ!!【 奏手イヅル / ホロスターズ 】,2025-05-23T14:10:14Z,4712,449,2
7eWch2KFJtg,【Dinkum】ほのぼの日常 w/ 🌺 🕯 🃏🦔 【 奏手イヅル / ホロスターズ 】,2025-05-21T12:49:05Z,5374,504,5
ejzntjEL2-s,【R.E.P.O.】 ホロスタれぽ！ w/ 🌺 🕯 🃏🦔【 奏手イヅル / ホロスターズ 】,2025-05-20T12:50:26Z,4940,568,2
TwSrCi6yYVI,【 あつまれ どうぶつの森 】 5月病の森【 奏手イヅル / ホロスターズ 】,2025-05-16T18:07:14Z,4179,469,4
-xMROFv9BiY,"初見で "" NEEDY GIRL OVERDOSE "" をやる【 奏手イヅル / ホロスターズ 】",2025-05-15T16:19:23Z,6605,661,6
n0LZ6b3wgC4,【R.E.P.O.】 足引っ張るやつ置いてくw/ 🌺 🕯 🃏【 奏手イヅル / ホロスターズ 】,2025-05-13T14:10:33Z,4753,505,4
HXrZysEAlCg,【 あつまれ どうぶつの森 】 歌録れた後の森【 奏手イヅル / ホロスターズ 】,2025-05-09T17:02:26Z,3735,387,1
JisF1lW1ANs,【R.E.P.O. - ゆかそ】協力ホラーをこの三人で？！【 奏手イヅル / ホロスターズ 】,2025-05-05T12:15:58Z,9746,871,8
Yx1_auQwuh4,【THREAT -SCREAM AND ESCAPE-】叫　べ【 奏手イヅル / ホロスターズ 】,2025-05-04T13:43:45Z,2961,441,6
g7Kw3cAN0Ns,【 あつまれ どうぶつの森 】 滑り込む森【 奏手イヅル / ホロスターズ 】,2025-05-02T18:49:37Z,4117,494,5
mn7VYQmnzaQ,【World of Tanks】ホロスタ戦車部2年生【奏手イヅル w/ 花咲みやび 羽継烏有】,2025-04-30T17:01:50Z,5118,609,4
lwAHXuM9fDY,ギター弾き語りをするぞ【 奏手イヅル / ホロスターズ 】,2025-04-29T16:47:57Z,12041,1037,11
1MqFY7UdfYk,【Dark and Darker】チルく迷宮漁り【 奏手イヅル / ホロスターズ 】,2025-04-27T16:34:38Z,3681,516,3
hchOz2WJWiQ,【 あつまれ どうぶつの森 】 蘇りし森【 奏手イヅル / ホロスターズ 】,2025-04-25T15:52:14Z,3503,409,4
jGaMLeUa_28,都市伝説解体センター をやる その2【 奏手イヅル / ホロスターズ 】,2025-04-23T15:56:07Z,3358,451,3
IAbyzMCChVw,【APEX LEGENDS】新PCの動作テストといえばこの男【 奏手イヅル / ホロスターズ 】,2025-04-22T12:52:39Z,4240,487,3
aIKDYYbS79Q,【 あつまれ どうぶつの森 】 前に進むことを知らない森【 奏手イヅル / ホロスターズ 】,2025-04-18T15:27:55Z,3341,435,3
LkcdL_o3dlw,都市伝説解体センター をやる【 奏手イヅル / ホロスターズ 】,2025-04-17T17:19:31Z,4359,483,7
N1jb1jcUiIE,【FORK ROAD】2択から正しい方を選ぶホラーゲーム【 奏手イヅル / ホロスターズ 】,2025-04-16T15:46:45Z,2706,431,6
7eNBskyHjuA,押してダメなら押してみろ をやる【 奏手イヅル / ホロスターズ 】,2025-04-14T12:19:51Z,2522,404,6
UfZSljEKuvI,【 あつまれ どうぶつの森 】 花粉とは無縁の森【 奏手イヅル / ホロスターズ 】,2025-04-11T16:41:05Z,3760,475,4
zu47rx4AgIY,OMORI をやるぞ その4【 奏手イヅル / ホロスターズ 】,2025-04-10T14:29:09Z,3467,453,10
M23eCO_D0U0,OMORI をやるぞ その3【 奏手イヅル / ホロスターズ 】,2025-04-09T15:39:47Z,4130,542,2
x7jCVD8TU3A,【#ホロスタメデュラ】脱出ミッション?! MEDULLA x ホロスタすごろく【 奏手イヅル 花咲みやび 岸堂天真 アステル/ホロスターズ 】,2025-04-08T00:10:50Z,6243,905,4
erTBWHkj8yk,OMORI をやるぞ その2【 奏手イヅル / ホロスターズ 】,2025-04-06T16:47:33Z,5528,610,5
vU6Tv3qqVos,OMORI をやるぞ その1【 奏手イヅル / ホロスターズ 】,2025-04-05T15:00:54Z,6795,696,8
H4_1GX1tBFI,【 あつまれ どうぶつの森 】 そろそろ発展したい森【 奏手イヅル / ホロスターズ 】,2025-04-04T16:29:04Z,4180,478,4
HXXHyE7LFbc,おやすみ 歌枠 ~New Guitarを添えて~【 奏手イヅル / ホロスターズ 】,2025-04-01T15:28:56Z,13693,1270,15
YcqSwZu3Wjw,Thief Simulator 泥棒としての生活【 奏手イヅル / ホロスターズ 】,2025-03-31T17:46:16Z,5492,665,4
r2-AyMqKvyU,【Terraria - ゆかそ】ゆるすぎる昼【 奏手イヅル / ホロスターズ 】,2025-03-29T11:34:50Z,5975,589,4
7YuSDUsN2sQ,【 あつまれ どうぶつの森 】 英雄の帰還する森【 奏手イヅル / ホロスターズ 】,2025-03-28T16:52:08Z,4200,454,4
xlAYXXFfglo,和階堂真の事件簿 -処刑人の楔- をやる ※ﾈﾀﾊﾞﾚあり【 奏手イヅル / ホロスターズ 】,2025-03-24T15:58:21Z,3126,440,4
5JsRt37Oy9o,【ストリートファイター6】チュートリアルで挫折した男【奏手イヅル  アステル 影山シエン 律可】,2025-03-22T14:49:12Z,9418,907,5
9ar04SqAzmU,【 あつまれ どうぶつの森 】 記念されはしない森【 奏手イヅル / ホロスターズ 】,2025-03-21T17:33:28Z,4051,495,3
sKE1TmeY2cs,【Potion Craft】ｸﾞﾂｸﾞﾂ煮詰める男【 奏手イヅル / ホロスターズ 】,2025-03-19T17:57:19Z,4196,582,4
73BJzWyzMo4,【Potion Craft】ｺﾎﾟｺﾎﾟ煮出す男【 奏手イヅル / ホロスターズ 】,2025-03-17T19:15:34Z,5744,716,4
he7qqYNSJeA,【 あつまれ どうぶつの森 】 記念すべき10回目の森【 奏手イヅル / ホロスターズ 】,2025-03-14T16:20:47Z,4092,492,2
783IYI0nHBg,【 #ホロスタ歌枠リレー 】30分クダサイ【 奏手イヅル / ホロスターズ 】,2025-03-14T10:05:23Z,12808,1583,24
F3BN_ajzqGM,MiSide -ミサイド- をやる【 奏手イヅル / ホロスターズ 】,2025-03-13T15:23:21Z,8764,910,5
Gff1ts6XkNo,心霊物件 をやる【 奏手イヅル / ホロスターズ 】,2025-03-10T15:09:46Z,4330,553,4
64C32iHnxsM,【 あつまれ どうぶつの森 】 森のためにできること【 奏手イヅル / ホロスターズ 】,2025-03-07T16:24:17Z,3993,485,3
KdmOGyfWtQw,今年初の弾き語り 歌枠【 奏手イヅル / ホロスターズ 】,2025-03-07T13:03:02Z,12377,1004,8
_bmi7OyvXY8,BrokenLore: LOW | 霧雨村 をやる【 奏手イヅル / ホロスターズ 】,2025-03-03T14:00:24Z,3175,479,2
AUhqsdgRKD4,【Cover】ラグトレイン - 稲葉曇 / 奏手イヅル #shorts,2025-03-03T10:11:32Z,22401,2200,16
C29jCBRF4UA,【Potion Craft】ｺﾞﾘｺﾞﾘすり潰す男【 奏手イヅル / ホロスターズ 】,2025-03-01T18:34:31Z,4750,610,3
aLnpUo2n9Nk,【ドーナツの穴】こたえの ない 問いにこたえる【 奏手イヅル / ホロスターズ 】,2025-03-01T13:30:48Z,2643,410,2
v2ZSFX-FXEQ,【 あつまれ どうぶつの森 】 俺には俺の森【 奏手イヅル / ホロスターズ 】,2025-02-28T16:53:30Z,4398,548,2
J7jG7Vgrw18,【Cover】ラグトレイン - 稲葉曇 / 奏手イヅル,2025-02-27T09:30:06Z,135382,7024,178
MAJ1mmDeXxo,【Potion Craft】ｺﾞﾄｺﾞﾄ煮込む男【 奏手イヅル / ホロスターズ 】,2025-02-26T18:18:28Z,6078,756,6
Mefok4kqCB8,未解決事件は終わらせないといけないから をやる【 奏手イヅル / ホロスターズ 】,2025-02-25T16:55:39Z,4884,583,4
MgHXDfXCzw0,【 あつまれ どうぶつの森 】 全く発展してない森【 奏手イヅル / ホロスターズ 】,2025-02-21T16:57:45Z,4263,485,5
MuPOQmq77Sw,【Terraria - ゆかそ】昼のゆるいてらりあ【 奏手イヅル / ホロスターズ 】,2025-02-20T11:52:35Z,8671,829,2
Bi1RqYDo9Ug,【 あつまれ どうぶつの森 】 新鮮な深夜の森【 奏手イヅル / ホロスターズ 】,2025-02-14T17:31:42Z,4282,505,7
e-81xtfu_LI,【カラオケ歌枠】Live2Dにアクセ増えたぞ【 奏手イヅル / #ホロスターズ 】,2025-02-14T15:00:10Z,11876,1118,13
i10CEmTYlBs,【RUST】Can☆Cer 最終日！【 奏手イヅル / #ホロスタDUORUST 】,2025-02-12T16:29:14Z,6874,555,6
-clW71AomSk,【RUST】Can☆Cer ３日目！【 奏手イヅル / #ホロスタDUORUST 】,2025-02-11T18:33:58Z,8056,573,6
WnhWcbHp2Hk,【RUST】Can☆Cer 2日目！【 奏手イヅル / #ホロスタDUORUST 】,2025-02-10T18:39:10Z,9176,663,7
XT1JIYtACNs,【RUST】Can☆Cer 1日目！【 奏手イヅル / #ホロスタDUORUST 】,2025-02-09T18:50:29Z,9894,794,4
HovOgARmXbs,【 あつまれ どうぶつの森 】 冬眠導入の森【 奏手イヅル / ホロスターズ 】,2025-02-07T16:43:15Z,4404,562,1
RPfUnumzLa0,ファミレスを享受せよ【 奏手イヅル / ホロスターズ 】,2025-02-06T18:03:13Z,6407,753,4
kp_POuHJAk0,Poppy Playtime をやる chapter 4【 奏手イヅル / #ホロスターズ 】,2025-02-04T17:41:54Z,8423,790,6
U5mOj2jarn8,【 あつまれ どうぶつの森 】 睡眠導入の森【 奏手イヅル / ホロスターズ 】,2025-01-31T18:06:40Z,5882,641,2
7zVGhANMrbc,【Unrailed 2】四人で繋ぎまくるぞ！！【 奏手イヅル w/ 花咲みやび 水無世燐央 羽継烏有  】,2025-01-31T13:08:07Z,7101,781,6
NmxsiDjPZdE,【Terraria - ゆかそ】久しぶりの我々のテラリア【 奏手イヅル / ホロスターズ 】,2025-01-30T09:55:43Z,10044,978,4
y5eK2b0vHRs,P.I. をやる【 奏手イヅル / #ホロスターズホラゲリレー 】,2025-01-29T14:40:56Z,4516,617,3
ZiSvxnVbby8,ノロイカゴ ゲゲゲの夜 を 4人でやる【 奏手イヅル w/ アステル 影山シエン 律可 】,2025-01-28T14:12:20Z,3893,585,2
Chx1wN0styA,【カラオケ歌枠】カラオケへの恐怖を克服【 奏手イヅル / ホロスターズ 】,2025-01-26T15:23:59Z,14643,1389,11
OSTQx_kxEfw,呪われたデジカメ をやる【 奏手イヅル / ホロスターズ 】,2025-01-25T13:17:58Z,3934,587,2
9ze5g7auMMQ,【 あつまれ どうぶつの森 】雑談しつつ森【 奏手イヅル / ホロスターズ 】,2025-01-24T17:06:46Z,4665,542,2
ShmpfNOz0xs,【 Fast Food Simulator 】過酷な飲食バイト【 奏手イヅル w/ アステル 影山シエン 律可 】,2025-01-22T18:53:39Z,9982,938,8
WV1Ma9tv1HQ,【 Marvel Rivals 】ホロスタ6人でフルパ！【 奏手イヅル / ホロスターズ 】,2025-01-20T13:42:46Z,5565,746,4
_ToLWhaM24s,睡眠導入歌枠 ピアノ弾き語り【 奏手イヅル / ホロスターズ 】,2025-01-18T17:26:47Z,16403,1517,14
ESynmkt-Ods,【 あつまれ どうぶつの森 】厳かなる冬の森【 奏手イヅル / ホロスターズ 】,2025-01-17T16:54:26Z,5535,604,5
p6gKmqbOBB8,置忌配 をやる【 奏手イヅル / ホロスターズ 】,2025-01-17T11:19:05Z,3591,536,3
V2kpqdSrfbA,Mouthwashing をやる【 奏手イヅル / ホロスターズ 】,2025-01-14T15:04:56Z,5439,682,7
4UVIwTubVno,【 あつまれ どうぶつの森 】静かなる生活 開始【 奏手イヅル / ホロスターズ 】,2025-01-10T17:58:32Z,9077,868,8
a7kUGBsO2Q8,【 Content Warning 】バズるか死ぬか【 奏手イヅル / #ホロスターズ 】,2025-01-08T16:23:24Z,6172,807,5
BeHz1QW_4-w,雑談 - あけおめ ちょい歌 【 奏手イヅル / ホロスターズ 】,2025-01-03T14:47:30Z,6818,754,11
idgSxzPr4KY,雑談 - 焚火を見ながら2024年を振り返る【 奏手イヅル / ホロスターズ 】,2024-12-30T16:04:08Z,5551,674,8
Y1lYCtlKaN8,【League of Legends】ロル納め【 奏手イヅル / ホロスターズ 】,2024-12-30T09:09:08Z,7787,697,3
xQNzoV9F-P4,【マリオカート8DX】年末全員コラボｷﾀー！【 奏手イヅル / ホロスターズ 】,2024-12-29T11:51:15Z,7684,815,7
RBALgLj54zU,【Cover】ライカ(yamada) / 奏手イヅル #shorts,2024-12-29T07:00:22Z,32333,3315,28
gNlEugPG42I,【theHunter: Call of the Wild】深夜の狩り【 奏手イヅル / ホロスターズ 】,2024-12-28T17:42:06Z,6339,748,6
-cDPL3e1isQ,【Cover】プラネテス(seiza) / 奏手イヅル #shorts,2024-12-26T09:30:00Z,28547,3723,31
vzNcB8_95g0,【Cover】プラネテス(seiza) / 奏手イヅル,2024-12-25T11:30:07Z,142299,0,140
egigl5Q55bM,【Valorant】フルパキタ！【 奏手イヅル w/ きなこ³ ありさか³ ととみっくす³ 渋谷ハル³ 】,2024-12-23T17:55:06Z,8386,684,4
iACmCi2CKfA,【Feign】第3回 #ホロスタおバカ人狼 【奏手イヅル / ホロスターズ】,2024-12-23T12:21:41Z,6073,690,3
HSUreJqylcs,おそらく2024年最後の ギター弾き語り【 奏手イヅル / ホロスターズ 】,2024-12-20T15:18:57Z,14977,1287,9
-fJgX9tdiys,雑談 冬の朝【 奏手イヅル / ホロスターズ 】,2024-12-18T01:21:16Z,6526,739,3
RjD-VS2wm7g,【 #VCRGTA3 】１１日目 - 最終日 余暇【 奏手イヅル / ホロスターズ 】,2024-12-12T16:47:29Z,34274,1319,28
Sq5WVoMnZLw,【 #VCRGTA3 】１０日目 - 大型貨物行くぞ【 奏手イヅル / ホロスターズ 】,2024-12-11T19:04:39Z,12946,682,3
iYJtfEEYE04,【 #VCRGTA3 】９日目 - 大型慣れしてしもたか【 奏手イヅル / ホロスターズ 】,2024-12-10T21:15:30Z,7459,471,5
3PCSrMH855M,【Lethal Company】#TCB兄妹 - 激ヤババイト【奏手イヅル / ホロスターズ】,2024-12-10T16:07:23Z,7662,901,6
SueAKJ3WaF0,【 #VCRGTA3 】８日目 - 英雄願望あり【 奏手イヅル / ホロスターズ 】,2024-12-09T22:06:49Z,11224,647,4
Qk99OznvuGg,【 #VCRGTA3 】７日目 - 大型を攻略したい【 奏手イヅル / ホロスターズ 】,2024-12-08T19:38:44Z,9741,593,8
bIAbgjzbyPo,【 #VCRGTA3 】６日目 - 大型に向けた備え【 奏手イヅル / ホロスターズ 】,2024-12-07T21:35:42Z,14033,726,8
NDMpsk8Mrqw,【 #VCRGTA3 】５日目 - 中規模ギャング【 奏手イヅル / ホロスターズ 】,2024-12-06T21:28:19Z,11923,662,8
cczZz9LuCPc,【 #VCRGTA3 】４日目 - 無限ファーム編【 奏手イヅル / ホロスターズ 】,2024-12-05T22:05:22Z,16166,741,6
NI2i5g5Uz7U,【 #VCRGTA3 】３日目 - ギャングとしての道【 奏手イヅル / ホロスターズ 】,2024-12-04T20:06:32Z,21603,887,18
VQsqRPCXbMI,【 #VCRGTA3 】２日目 - チンピラ成り上がり【 奏手イヅル / ホロスターズ 】,2024-12-03T21:08:46Z,27975,1095,9
zJes6v8pie0,【 #VCRGTA3 】1日目 - GTA初プレイなのﾔﾊﾞｲ【 奏手イヅル / ホロスターズ 】,2024-12-02T21:26:28Z,31771,1333,13
142ZVclReQk,【Minecraft】アルランディスプレゼンツ - マイクラゴールドラッシュ【 奏手イヅル / ホロスターズ 】,2024-11-25T13:59:18Z,7086,785,6
mIT6N3g_eDk,越冬に向け ピアノ弾き語り【 奏手イヅル / ホロスターズ 】,2024-11-24T15:45:11Z,17844,1471,19
CMc-ag-7eUo,【みんなで空気読み。４】愛と平和【 奏手イヅル / ホロスターズ 】,2024-11-22T13:05:46Z,5306,642,6
ySwzSzXNXV0,【Terraria - ゆかそ】生誕【 奏手イヅル / ホロスターズ 】,2024-11-19T15:47:00Z,11185,997,5
Ux_iSl81VSQ,PowerWash Simulator をゆるりと【  奏手イヅル / ホロスターズ 】,2024-11-18T17:09:38Z,7086,820,3
j2KR3psC3V0,【Apex Legends】えぺまつり外伝 feat.日本赤十字社【 奏手イヅル / ホロスターズ】,2024-11-16T12:35:44Z,11771,831,4
4_gF_9CJjps,【Apex Legends】堕天使【 奏手イヅル / ホロスターズ】,2024-11-15T11:11:17Z,6223,637,3
P8DenmyUM30,クソデカ囃子、クソデカ囃子？！【 奏手イヅル /  ホロスターズ 】,2024-11-12T12:22:49Z,4875,624,8
eoUzRTQDYDw,【Cover】トラフィック・ジャム(煮ル果実) / 奏手イヅル #shorts,2024-10-30T09:30:23Z,19676,2609,37
o4aSb69BLzY,【Cover】トラフィック・ジャム(煮ル果実) / 奏手イヅル,2024-10-29T10:00:06Z,197353,8155,0
nyrgf7YA0Uo,【VALORANT】そろそろイモ目指すか【 奏手イヅル / ホロスターズ 】,2024-10-26T09:49:37Z,5924,577,2
uh7yVG__wuM,Unrailed 2 - ゆ か そ【 奏手イヅル / ホロスターズ 】,2024-10-21T15:16:41Z,11091,1009,5
VqUGGlxmvz8,【Content Warning】#TCB兄妹 - 迷惑兄妹Youtuber【奏手イヅル / ホロスターズ】,2024-10-14T15:49:58Z,8822,1042,4
P6x8nHH2uWs,シンプルにカラオケ歌枠や！【 奏手イヅル / ホロスターズ 】,2024-10-06T15:04:27Z,21032,1568,16
IaYSVwKuPnc,【The Forest】ソロサバイバル その３【 奏手イヅル / ホロスターズ 】,2024-10-01T21:24:15Z,8586,842,4
JvcTU09lQLs,【The Forest】ソロサバイバル その２【 奏手イヅル / ホロスターズ 】,2024-09-30T17:19:31Z,5329,664,4
6knWPkBIuNE,【The Forest】ソロサバイバル その１【 奏手イヅル / ホロスターズ 】,2024-09-29T11:16:03Z,8457,840,2
ukQXjQJ1XNM,ウラヤマ をやる【 奏手イヅル / ホロスターズ 】,2024-09-28T10:45:38Z,4707,557,3
ir7hklVCqVU,雑談 生活リズムの復活【 奏手イヅル / ホロスターズ 】,2024-09-25T00:58:32Z,7429,784,5
49ctHsY3jh8,【VCR Minecraft β】その７【 奏手イヅル / ホロスターズ 】,2024-09-21T15:49:35Z,13729,805,0
U6S4NMZ6qiI,🎸 きゅうくらりん / いよわ を弾き語りする男性Vtuber  #shorts,2024-09-21T09:00:31Z,23931,2537,19
5kgZFR_DAws,【VCR Minecraft β】その６【 奏手イヅル / ホロスターズ 】,2024-09-20T21:25:42Z,18862,872,0
nKxBc5hBkvs,【VCR Minecraft β】その５【 奏手イヅル / ホロスターズ 】,2024-09-19T21:28:55Z,20609,949,0
pVvPXEeUopw,【Cover】回る空うさぎ(Orangestar) / 奏手イヅル #shorts,2024-09-19T09:00:45Z,14516,2037,37
vTnYTMdjCo4,【VCR Minecraft β】その４【 奏手イヅル / ホロスターズ 】,2024-09-18T21:09:42Z,24602,1006,0
Uhzaj0HRmAI,【VCR Minecraft β】その３【 奏手イヅル / ホロスターズ 】,2024-09-17T21:30:54Z,22684,1015,0
6Ra5EVAwA5g,🎸 セブンスター / 3markets(株) を弾き語りする男性Vtuber  #shorts,2024-09-17T09:00:04Z,11223,1384,12
cnrzVY1QdLI,【VCR Minecraft β】その２【 奏手イヅル / ホロスターズ 】,2024-09-16T19:13:05Z,28865,1203,0
p8h-bkDePVA,【VCR Minecraft β】その１【 奏手イヅル / ホロスターズ 】,2024-09-15T20:26:25Z,40654,1574,0
0weSUYddqhc,【Cover】虹を待つ人(BUMP OF CHICKEN) / 奏手イヅル #shorts,2024-09-15T09:00:02Z,7382,935,14
55GkU40I5AA,【Apex Legends】第7回 Rakuten esports cup【 奏手イヅル / ホロスターズ】,2024-09-14T12:52:20Z,6519,557,1
dtAR9_ZT0a4,雑談 秋はもう来ない【 奏手イヅル / ホロスターズ 】,2024-09-13T15:55:32Z,6126,670,3
VYz-Q-Ogu1U,🎸 世界が終るまでは… / WANDS を弾き語りする男性Vtuber  #shorts,2024-09-13T09:00:35Z,11228,1537,18
Jkg-Lj_BDy4,【Apex Legends】化石ペクス【 奏手イヅル / ホロスターズ】,2024-09-12T13:48:29Z,6202,657,4
G1d2GS6maO8,【Cover】 あとのまつり (ヤマモトガク／Peg) /  奏手イヅル #shorts,2024-09-11T09:00:25Z,8522,1285,24
iq5ujjPYMa8,【Valorant】ネオポスタフルパ【 奏手イヅル w/ 水無世燐央 久我レオ 鬼ヶ谷テン 麻倉シノ】,2024-09-10T17:11:58Z,9079,777,4
pefYEBPhX1E,🎸 W/X/Y / Tani Yuuki を弾き語りする男性Vtuber  #shorts,2024-09-09T09:00:47Z,18642,2136,27
FH2VdIHqozY,【Cover】unravel(TK from 凛として時雨) / 奏手イヅル #shorts,2024-09-07T09:00:20Z,7355,1302,15
600MHQh-Rk8,🎸 マリーゴールド / あいみょん を弾き語りする男性Vtuber  #shorts,2024-09-05T09:00:07Z,9478,1280,21
y6jcHydbZjk,孵道 をやる【 奏手イヅル / ホロスターズ 】,2024-09-04T13:00:15Z,4423,643,5
0RNGjv48dNk,【Cover】あの夏のいつかは(*Luna) / 奏手イヅル 律可 アステル・レダ  影山シエン #shorts,2024-09-03T09:00:00Z,7152,1214,24
Tj8EJNYO5-o,🎸 ファジーネーブル / Conton Candy を弾き語りする男性Vtuber  #shorts,2024-09-01T09:00:21Z,10515,1544,26
9fTP9a4347M,【弾き語り】8月終わりの歌を聴けぃ！！【奏手イヅル / ホロスターズ】,2024-08-31T14:40:41Z,14499,1186,15
y-1IUMnHYqA,鳴蟇村 をやる【 奏手イヅル / ホロスターズ 】,2024-08-30T14:33:15Z,5040,634,3
xOiofuzdIog,【Cover】夏の終わりと溶ける街(かなしの) / 奏手イヅル #shorts,2024-08-30T09:00:58Z,5971,1216,22
SFeg8rZtYs4,🎸 夜明けと蛍 / n-buna を弾き語りする男性Vtuber  #shorts,2024-08-28T09:00:33Z,10265,1528,26
pgSh6JdAKj8,【Minecraft】ホロスタハードコアマイクラ 【 奏手イヅル アステル 岸堂天真 水無世燐央 羽継烏有 / ホロスターズ 】,2024-08-27T11:53:21Z,7799,899,5
QNcIbAMB0L8,【Cover】わたしのアール(和田たけあき) / 奏手イヅル #shorts,2024-08-26T09:00:22Z,5657,951,17
hkJGWv_gHyc,【Minecraft】４時間ネザー要塞見つかってません【奏手イヅル / ホロスターズ】,2024-08-25T10:49:50Z,4478,554,3
nwPxugoVmCo,【Minecraft】ソロハードコア 厳密に７マップ目【奏手イヅル / ホロスターズ】,2024-08-24T09:15:15Z,3810,538,2
qoQBiYspKy4,🎸 fake face dance music / 音田雅則 を弾き語りする男性Vtuber  #shorts,2024-08-24T09:00:49Z,9672,1600,25
zYXOTNNdutw,【Minecraft】ソロハードコア 6マップもやりゃプロ【奏手イヅル / ホロスターズ】,2024-08-22T17:49:35Z,5259,652,5
lnmPbPI0_IA,【Cover】踊り子(Vaundy) / 奏手イヅル  #shorts,2024-08-22T09:00:47Z,23348,3330,29
m0lwR1azrBw,🎸 napori / Vaundy を弾き語りする男性Vtuber  #shorts,2024-08-20T09:00:47Z,7234,1441,23
9QdLYlbneRw,【Cover】ファイトソング(Eve) / 奏手イヅル #shorts,2024-08-18T09:00:08Z,9183,1739,34
bqJAqTSh-ZU,🎸 ダーリン / 須田景凪 を弾き語りする男性Vtuber  #shorts,2024-08-16T09:00:37Z,15571,2061,29
r17CWBwFMpg,【Cover】ベノム(かいりきベア) / 奏手イヅル #shorts,2024-08-14T09:00:50Z,6483,1233,14
PhClxjwCTJc,誕生日！オリジナルMVとグッズの告知！【 奏手イヅル / ホロスターズ 】,2024-08-12T19:52:42Z,8303,1220,16
gzJzumPevNE,『ライカを追って』 - feat. 鏡音リン,2024-08-12T09:30:06Z,82851,0,288
4tLZaPyfgDE,🎸 怪獣の花唄 / Vaundy を弾き語りする男性Vtuber  #shorts,2024-08-12T09:00:03Z,17759,2309,39
ES2HVbCsUgA,【弾き語り】誕生日カウントダウンみたいなやつ【奏手イヅル / ホロスターズ】,2024-08-11T16:17:07Z,13468,1361,20
VD5U5GXRmFw,【Cover】夏の終わりと溶ける街(かなしの) / 奏手イヅル,2024-08-10T10:00:07Z,73660,3786,88
pi1-0T3wmw0,【Cover】トウキョウ・シャンディ・ランデヴ(MAISONdes) / 奏手イヅル #shorts,2024-08-10T09:00:46Z,10395,1600,29
gNXSDJojzXs,🎸 幻の命 / SEKAI NO OWARI を弾き語りする男性Vtuber  #shorts,2024-08-08T09:00:30Z,10710,0,85
4ANIqYoDqVo,Lethal Company をやるぞ！【 奏手イヅル アステル・レダ 岸堂天真 / ホロスターズ 】,2024-08-07T15:38:38Z,7857,856,7
-PRb7TqBcDs,イヅルおじいちゃんに暑中見舞いを送ろう！,2024-08-03T15:44:00Z,8465,1001,8
U57TCgznqcI,""" amazarashi 縛り"" でカラオケ歌枠！【 奏手イヅル / ホロスターズ 】",2024-07-29T14:19:06Z,13993,1227,15
bSsvRy-siPM,【Valheim # 14】今夜も行くヴァル兵務【 奏手イヅル / 天真 / みやび / アルランディス 】,2024-07-23T17:11:54Z,4081,487,4
PeebhH9LENU,【Valorant】ヴァロの本質理解【 奏手イヅル / ホロスターズ 】,2024-07-22T15:41:19Z,8559,820,3
eacNsPH50g0,夏の妖怪 弾き語り男【 奏手イヅル / ホロスターズ 】,2024-07-20T17:12:49Z,19113,1812,14
WQ91WyIsCdM,Dark and Darker をさわる【 奏手イヅル / ホロスターズ 】,2024-07-19T05:37:38Z,4233,561,3
nklpGFfU5zs,ウツロマユ - Hollow Cocoon - をやる【 奏手イヅル / ホロスターズ 】,2024-07-17T15:39:53Z,8223,824,4
GUO9JaIKTRQ,【Valorant】久々にヴァロやる男【 奏手イヅル / ホロスターズ 】,2024-07-16T16:00:11Z,8600,887,3
aj1BY7sXcdc,雑談 夏は逆に湯船につかれ【 奏手イヅル / ホロスターズ 】,2024-07-13T15:27:23Z,6903,796,6
OrvYkgDXkcQ,【7 Days to Die】漢達のサバイバル【 奏手イヅル / アステル・レダ 歌衣メイカ 乾伸一郎 】,2024-07-12T20:22:25Z,7973,774,2
uu7z8I_GiMY,【#ダヴ】#ダヴクリーミースクラブ を2人で紹介！最後にお知らせ有り!【奏手イヅル / アステル・レダ】,2024-07-12T09:18:54Z,8007,1300,10
GUIy_W36nXw,【Valheim # 13】帰ってきた4人旅【 奏手イヅル / 天真 / みやび / アルランディス 】,2024-07-10T19:30:39Z,4964,616,3
iDF_lMetvyw,【Minecraft】ソロハードコア 3回目 ネザー編【奏手イヅル / ホロスターズ】,2024-07-09T17:22:00Z,5542,694,4
g6QLLDb4O7Y,朝の ウクレレ 歌枠【 奏手イヅル / ホロスターズ 】,2024-07-07T02:09:45Z,10881,1146,16
tl5ziae0yZg,ドキドキAI尋問ゲーム にて警察官になる【 奏手イヅル / ホロスターズ 】,2024-07-06T15:41:28Z,4390,659,6
dlhKupgbHCI,【Minecraft】ソロハードコア 3回目【奏手イヅル / ホロスターズ】,2024-07-05T16:28:21Z,7177,917,3
hRb4loxdXEk,DON'T SCREAM をやる【 奏手イヅル / ホロスターズ 】,2024-07-03T14:11:41Z,5577,803,3
s_dg_y4bGGA,おやすみ歌枠 その0120 【 奏手イヅル / ホロスターズ 】,2024-06-30T14:58:46Z,16148,1509,15
dVBgDK60qWg,【7 Days to Die】正式版にて生き残る【 奏手イヅル / ホロスターズ 】,2024-06-29T18:46:58Z,7789,840,3
2HGygdABKVw,ホロスタボードゲーム部【 奏手イヅル 花咲みやび 水無世燐央 羽継烏有 】,2024-06-25T19:54:35Z,8340,1045,5
9NZ9uHS-W3o,【歌枠】5周年 大感謝【 奏手イヅル / ホロスターズ 】,2024-06-22T11:27:13Z,16678,2068,25
T7NKIeE652s,【Cover】トウキョウ・シャンディ・ランデヴ(MAISONdes) / 奏手イヅル,2024-06-22T09:30:07Z,180410,7236,130
3NinC7cKncU,【Human: Fall Flat】#TCB兄妹 - 絆ってこういうこと【奏手イヅル / ホロスターズ】,2024-06-21T15:27:33Z,10202,1392,6
s-UGIqZ3gVQ,【Minecraft】ソロハードコア２【奏手イヅル / ホロスターズ】,2024-06-20T17:32:12Z,5583,776,6
SyKD_GnTCAY,【Minecraft】ソロハードコア １【奏手イヅル / ホロスターズ】,2024-06-19T17:00:45Z,8036,968,5
PKYNN_hve7g,ライブ感謝！歌枠！【奏手イヅル / ホロスターズ】,2024-06-09T16:35:37Z,19228,1649,13
BlgES63LOd8,ライブまであと3日やね雑談【奏手イヅル / ホロスターズ】,2024-06-05T16:19:04Z,6753,773,5
OlS24n4AmRA,新衣装で少々お知らせ！【奏手イヅル / アステル】,2024-06-01T11:55:25Z,20356,2073,37
Cu_KmvKsEis,【#アスイヅ新衣装リレー】なんか色々キター！【奏手イヅル / ホロスターズ】,2024-06-01T11:14:04Z,16725,2283,27
1JeDxoFBTuw,【World of Tanks】ホロスタ戦車部進学コース【奏手イヅル w/ 花咲みやび 羽継烏有】,2024-05-26T16:54:29Z,5593,710,6
PphTzizQ90I,【 #ホロスタ5周年ライブ 歌枠リレー！ 】最高のライブへ！【奏手イヅル / ホロスターズ】,2024-05-19T13:00:43Z,20689,2367,29
Z6wWE2PUEP0,【World of Tanks】戦車というロマン【奏手イヅル w/ 花咲みやび 羽継烏有】,2024-05-14T19:27:27Z,6526,783,4
U_IREU99qtI,【LAPIDARY: Jewel Craft Simulator】深夜の激チル宝石造り【奏手イヅル】,2024-05-03T16:41:09Z,5516,621,3
b1-xNEMM9tA,【League of Legends】ホロスタフルパLOL JG【奏手イヅル w/水無世燐央 アクセル・シリオス 羽継烏有 夜十神封魔】,2024-04-28T14:46:01Z,7712,789,4
pgjW4p3LGNw,雑談と弾き語り歌【奏手イヅル/ホロスターズ】,2024-04-23T13:45:10Z,16016,1285,12
-8bs2Tj7ZrY,【VCR RUST Ⅱ】最終日 ボスへ【奏手イヅル/ホロスターズ】,2024-04-21T17:21:57Z,17807,1008,4
4BkKOyjZvPQ,【VCR RUST Ⅱ】7日目３５０００ボスいきたい【奏手イヅル/ホロスターズ】,2024-04-20T19:02:25Z,12632,763,5
Ul72BTgnGsk,【VCR RUST Ⅱ】6日目にもなると安定感がある【奏手イヅル/ホロスターズ】,2024-04-19T18:29:47Z,9742,659,6
RB1c08HHwSA,【VCR RUST Ⅱ】5日目ボス戦ボス戦ボス戦【奏手イヅル/ホロスターズ】,2024-04-18T15:42:54Z,7343,615,2
mRi2soMnVyM,【VCR RUST Ⅱ】四日目で武器をそろそろ【奏手イヅル/ホロスターズ】,2024-04-17T20:31:43Z,8889,712,3
HwM3QwiYyJI,【VCR RUST Ⅱ】三日目は金を貯めつつ武器探し！後半【奏手イヅル/ホロスターズ】,2024-04-16T20:12:46Z,6974,608,4
pa8SwqmIfuY,【VCR RUST Ⅱ】三日目は金を貯めつつ武器探し！【奏手イヅル/ホロスターズ】,2024-04-16T11:23:54Z,10114,773,2
YbGthp7VHoY,【VCR RUST Ⅱ】二日目で武器を強くするぞ！後半【奏手イヅル/ホロスターズ】,2024-04-15T21:02:31Z,4450,413,2
hSnJOHS-Tkc,【VCR RUST Ⅱ】二日目で武器を強くするぞ！【奏手イヅル/ホロスターズ】,2024-04-15T18:46:18Z,19370,1064,1
uuov0FBfewA,【Warlander】第6回 Rakuten esports cup 大争奪戦～春爛熳～【奏手イヅル / millionさん yunocyさん cheekyさん】,2024-04-14T13:14:59Z,6849,562,1
JGv5UG3XcVQ,【VCR RUST Ⅱ】初日で慣れたいぞ！【奏手イヅル/ホロスターズ】,2024-04-13T22:41:25Z,21053,1338,5
v5RcAsbfTpI,【MHW:IB】イヴェルカーナ撃退するモンハンアイスボーン【奏手イヅル/ホロスターズ】,2024-04-05T10:49:17Z,3265,458,2
n96d577WHBw,【Apex Legends】再び大金のチャンス【奏手イヅル / アステル・レダ  歌衣メイカ】,2024-04-04T16:04:52Z,6851,755,3
9Bz4HwZstTs,後半 - Escape the Backrooms をやる二人 【奏手イヅル / アステル・レダ】,2024-04-02T16:44:57Z,7374,871,2
X9UfUFB3dZw,鬼久しぶりの弾き語り歌枠【奏手イヅル】,2024-03-31T16:03:56Z,19013,1701,14
PJUl533nFXQ,【Apex Legends】猫鯖フェス！賞金総額500万？！【奏手イヅル / アステル・レダ  歌衣メイカ】,2024-03-29T14:27:58Z,7803,746,3
tXWZUti23v0,【Apex Legends】考えなしに突っ込んで４ぬタイプの俺【奏手イヅル / アステル・レダ  歌衣メイカ】,2024-03-28T17:27:00Z,6296,806,4
_Zowk1FwSBM,【Apex Legends】俺にできるのかこのゲームが【奏手イヅル / アステル・レダ  歌衣メイカ】,2024-03-27T16:00:01Z,6211,805,3
lkGVKxok80k,前半 - Escape the Backrooms をやる二人【奏手イヅル / アステル・レダ】,2024-03-25T16:13:34Z,12978,1513,3
tfdpbRzLcGk,【MHW:IB】極寒の地で頑張るモンハンアイスボーン【奏手イヅル/ホロスターズ】,2024-03-23T11:01:29Z,4437,666,1
UiLgBtA5Udw,【MHW:IB】着実にハマりつつあるモンハンアイスボーン【奏手イヅル/ホロスターズ】,2024-03-22T07:55:39Z,4160,606,2
sf5Opvx8V9Q,【MHW:IB】様子見でアルさん天真と狩りへ【奏手イヅル/ホロスターズ】,2024-03-13T18:51:16Z,4482,612,2
o6cuctz0fVA,【MHW】ネルギガンテ倒すモンハンワールド【奏手イヅル/ホロスターズ】,2024-03-12T16:56:04Z,5247,733,1
bmDPq2f_5Y0,【闇鍋人狼】美味しい鍋と破壊者【奏手イヅル /ホロスターズ】,2024-03-09T17:06:45Z,5539,732,4
wmzEnhWSF64,雑談をする3月2024ver【奏手イヅル】,2024-03-09T08:17:48Z,5900,710,4
WLt70sPVdp0,【MHW】亜種とか出てきだしたモンハンワールド【奏手イヅル/ホロスターズ】,2024-03-07T16:26:45Z,4734,650,1
KnQ_p3sunYI,【MHW】古代龍人を探すモンハンワールド【奏手イヅル/ホロスターズ】,2024-03-05T16:47:24Z,4704,663,1
WHek4QnvuQA,【MHW】大峡谷を超えるモンハンワールド【奏手イヅル/ホロスターズ】,2024-02-28T14:49:04Z,4870,645,1
HMmY133X3LE,【MHW】ほぼ初見で モンスターハンター：ワールド やる【奏手イヅル/ホロスターズ】,2024-02-26T17:04:26Z,7509,923,1
a233Z8lvw4Q,春っぽい夜の弾き語り歌枠【奏手イヅル】,2024-02-14T15:19:36Z,19160,1553,11
sB0AQ-dYko0,Poppy Playtime をやる chapter 3【奏手イヅル】,2024-02-12T18:07:49Z,14079,1215,6
HZ6uwHJHNRU,"ENDLESS™ Dungeon をやる【奏手イヅル, アルランディス, 岸堂天真】",2024-02-11T18:31:57Z,4915,660,2
3HOHV8Y0FG8,Poppy Playtime をやる chapter 1 & 2【奏手イヅル】,2024-02-08T14:13:29Z,12333,1191,12
0rT9UjvibyA,1月終わりに弾き語り歌だ【奏手イヅル】,2024-01-31T14:35:15Z,16888,1379,7
Cbwx6QtpHwM,【PALWORLD】二日放置後のうつ病罹患率【奏手イヅル】,2024-01-27T13:03:21Z,7076,705,3
S-jEzK4D144,【PALWORLD】アサルトライフル作りてえな【奏手イヅル】,2024-01-23T20:21:41Z,7481,762,3
RBHZCF4dh3E,【PALWORLD】パルやね【奏手イヅル】,2024-01-22T19:49:17Z,6678,702,4
iC5tpR9eS5U,【PALWORLD】話題の盛沢山ｹﾞｰﾐﾝｸﾞ【奏手イヅル】,2024-01-21T18:06:18Z,11924,1106,5
jRIICuNO7AA,""" エスカレーター/Escalator "" にて脱出するぞ【奏手イヅル】",2024-01-18T14:36:52Z,6449,866,5
t1-W9HfiYbY,弾き語る男その888888【奏手イヅル】,2024-01-17T03:44:56Z,15445,1440,8
NGweUljqgGs,【Lethal Company】ゆるスタり隊にて神ゲー【奏手イヅル】,2024-01-13T18:18:46Z,12875,1211,10
ggShreFR_xE,【No.7】ドラゴンクエストモンスターズ3 魔族の王子とエルフの旅 ※ネタバレあり【奏手イヅル】,2024-01-11T13:19:24Z,2278,386,3
UFiXFM-pxp4,【No.6】ドラゴンクエストモンスターズ3 魔族の王子とエルフの旅 ※ネタバレあり【奏手イヅル】,2024-01-09T19:12:50Z,3843,542,3
hvePehwdNnI,【No.5】ドラゴンクエストモンスターズ3 魔族の王子とエルフの旅 ※ネタバレあり【奏手イヅル】,2024-01-06T19:49:26Z,4330,570,2
90hETaHfdn4,【League of Legends】毛の生えた初心者【奏手イヅル】,2024-01-05T14:26:31Z,7964,836,3
ZOd4JNybnxc,２０２４新年あけおめ弾き語り歌枠【奏手イヅル】,2024-01-03T13:00:19Z,16144,1447,8
rwORh0LN0A4,2023年おつかれ_ 雑談【奏手イヅル】,2023-12-31T13:38:41Z,7535,877,9
vHW10KQwF5c,【No.4】ドラゴンクエストモンスターズ3 魔族の王子とエルフの旅 ※ネタバレあり【奏手イヅル】,2023-12-26T17:47:03Z,3804,479,3
VEOtoIIqneA,クリスマス特別でもない弾き語り配信【奏手イヅル】,2023-12-24T15:56:37Z,17907,1220,7
OvhEw_NwhpU,【No.3】ドラゴンクエストモンスターズ3 魔族の王子とエルフの旅 ※ネタバレあり【奏手イヅル】,2023-12-23T19:45:57Z,4353,594,2
SQMwDXWTjeQ,【No.2】ドラゴンクエストモンスターズ3 魔族の王子とエルフの旅 ※ネタバレあり【奏手イヅル】,2023-12-21T17:57:30Z,3105,444,3
HFLhpXSoY0k,マジｲﾝﾌﾙはやば４_ 雑談【奏手イヅル】,2023-12-20T11:24:51Z,5395,629,3
VzwwoIa2qgg,【No.1】ドラゴンクエストモンスターズ3 魔族の王子とエルフの旅 ※ネタバレあり【奏手イヅル】,2023-12-15T15:25:32Z,4500,605,4
Bi3VrzXVj_o,【Apex Legends】 #TSBCustom2023【奏手イヅル w/緋崎ガンマ 水無世燐央】,2023-12-10T07:01:19Z,16513,1289,2
-pZnleke3AA,初の縦長弾き語り生放送！【奏手イヅル】,2023-12-08T15:45:53Z,23689,1652,13
N28MFHVBoU0,【Apex Legends】ちとやばいか【奏手イヅル】,2023-12-04T18:19:54Z,9732,931,5
pi3KIgoE20w,8番出口 をやる【奏手イヅル】,2023-12-02T12:05:38Z,10192,1024,8
u5PG9nu71HE,【Valorant】アセンダント踏んどくか【奏手イヅル】,2023-12-01T09:27:56Z,10020,842,4
2mdvFY1B4iQ,男の弾き語り歌枠その8億【奏手イヅル】,2023-11-27T16:11:22Z,19736,1666,13
bPpepIGRfYY,誘拐事件 をやる【奏手イヅル】,2023-11-22T11:49:46Z,10542,1068,8
HxGK_WGeXu4,初VALO大会乙_雑談【奏手イヅル】,2023-11-20T11:39:05Z,13172,1030,7
uddoh8RKbxA,【Valorant】#6GGWIN 大会本番【奏手イヅル w/白雪レイド 橘ひなのs  絲依といs 花芽なずなs Clutch_Fi s】,2023-11-19T13:41:00Z,18977,1156,8
Cqkd8tbOcsE,【Valorant】カスタム ４ 日目【奏手イヅル w/白雪レイド 橘ひなのs  絲依といs 花芽なずなs Clutch_Fi s】,2023-11-18T19:39:12Z,8259,644,4
nZxsT9Aunyk,【Valorant】カスタム ３ 日目【奏手イヅル w/白雪レイド 橘ひなのs  絲依といs 花芽なずなs Clutch_Fi s】,2023-11-17T18:56:17Z,10396,718,4
A8t1_2jGKG4,【Valorant】カスタム ２ 日目【奏手イヅル w/白雪レイド 橘ひなのs  絲依といs 花芽なずなs Clutch_Fi s】,2023-11-17T00:03:44Z,12731,872,5
_TzKhbzGzfQ,【Valorant】カスタム １ 日目【奏手イヅル w/白雪レイド 橘ひなのs  絲依といs 花芽なずなs Clutch_Fi s】,2023-11-15T18:07:28Z,16250,912,3
928_HGJqVcQ,【Valorant】V最にむけて構成決めとか！練習【奏手イヅル w/白雪レイド 橘ひなのs  絲依といs 花芽なずなs Clutch_Fi s】,2023-11-14T18:40:18Z,17496,1024,4
A0M7viSIdZ0,【Valorant】V最に向けて顔合わせ！【奏手イヅル w/白雪レイド 橘ひなのs  絲依といs 花芽なずなs Clutch_Fi s】,2023-11-13T20:43:04Z,26838,1450,8
akRbfDgvM6Q,日曜朝寒すぎ雑談【奏手イヅル】,2023-11-12T03:20:51Z,11856,1081,6
z76biF4IlJU,【Valorant】V最メンバー発表されたぞ！【奏手イヅル w/白雪レイド 橘ひなのs 】,2023-11-05T14:56:10Z,25081,1301,3
RD5HBTcBv6Q,【#ホロスタロックフェス】,2023-11-03T12:28:25Z,171617,9998,147
gYXs5pTSRmo,ｽﾘﾃﾞｨ見てくれて感謝雑【奏手イヅル】,2023-11-03T12:25:47Z,8798,1324,17
bl05wvvdjbc,【Valorant】V最VALO出るぞ【奏手イヅル】,2023-10-30T13:53:46Z,11447,799,5
rMW_s9P7lSY,【Minecraft】15人、死んだら終わり！#ホロスタ超マイクラ【奏手イヅル】,2023-10-28T11:55:09Z,29917,1889,3
tbHQyI_7JKE,カラオケ歌枠を2億年ぶりに【奏手イヅル】,2023-10-27T17:07:19Z,28965,2181,12
H3shcvfhM7U,初見で サブノーティカ # 5【奏手イヅル】,2023-10-25T15:31:46Z,2828,473,4
i-vpg6bS-7Q,初見で サブノーティカ # 4【奏手イヅル】,2023-10-21T20:32:09Z,5048,657,3
cyrluxCHur8,初見で サブノーティカ # 3【奏手イヅル】,2023-10-17T19:47:00Z,5189,691,2
Uji73cAJRRY,【Valorant】修行す【奏手イヅル】,2023-10-16T17:33:01Z,8056,840,2
TRHxz0u46rY,弾き語り 歌 (-_-)zzz【奏手イヅル】,2023-10-15T01:39:15Z,20979,1841,19
whYpJLCkajQ,初見で サブノーティカ # 2【奏手イヅル】,2023-10-13T20:38:17Z,6071,722,8
goW2lnRUtq0,初見で サブノーティカ # 1【奏手イヅル】,2023-10-11T20:10:17Z,8965,936,5
Goe0Cp0hjRw,【Valorant】雑談しながらｺﾝﾍﾟ【奏手イヅル】,2023-10-08T09:49:05Z,7037,802,2
g3wdfNbJykk,【スイカゲーム】遅咲き【奏手イヅル】,2023-10-02T14:26:28Z,14860,1334,5
01nld7CpSBI,雑談 ｰ 9月ひと段落【奏手イヅル】,2023-09-29T20:05:28Z,9127,894,4
vBF2NSr4C3A,【Dark and Darker】殲滅殲滅殲滅【奏手イヅル w/ 岸堂天真 花咲みやび】,2023-09-18T11:59:34Z,4053,540,3
URG2XTHBQlk,【Valorant】俺はイモータルの器か？【奏手イヅル w/ 水無瀬】,2023-09-10T20:06:23Z,10290,845,7
3PxKhe43Rts,パラソーシャル をやる【奏手イヅル】,2023-09-05T12:14:54Z,11808,1123,12
hXjGI3ayI_0,【Valorant】イモータルになりたい(いつか)【奏手イヅル】,2023-09-04T18:42:59Z,11545,1065,5
5tgkUfmVdCk,"【PUBG】#Rakuten_esports_cup【奏手イヅル w/ アステル・レダ, 緋崎ガンマ, 羽継烏有】",2023-09-02T15:40:01Z,8785,812,6
M3hVtX7l-Yc,【#ホロスタRUST SEASON 2】最終日 閉会式まで【 #奏手イヅル 】,2023-09-01T15:49:58Z,11151,752,7
Ir5jw0U70f0,【#ホロスタRUST SEASON 2】最終日【 #奏手イヅル 】,2023-09-01T13:25:05Z,12578,820,3
GNI-wm8ZxWk,【弾き語り歌枠】8月最後歌みたｱｹﾞﾀｿﾞ【奏手イヅル】,2023-08-31T14:26:53Z,16606,1489,9
TXavA22Fi6c,【#ホロスタRUST SEASON 2】7日目【 #奏手イヅル 】,2023-08-31T11:02:38Z,7315,693,2
niKhFfFpuqE,【Cover】アイドル(YOASOBI) / 奏手イヅル,2023-08-31T10:15:08Z,229394,12927,278
Z9ijX3dp4sY,【Overwatch 2】Holizontal JAM Overwatch 2  powered by Holizontal featuring Xbox【奏手イヅル視点】＃HLZNTL,2023-08-30T12:41:26Z,8871,1236,8
JtK8iHXAIkw,【#ホロスタRUST SEASON 2】5日目 その2【 #奏手イヅル 】,2023-08-29T06:08:21Z,5601,642,4
jC1TesiYkjc,【#ホロスタRUST SEASON 2】5日目 その1【 #奏手イヅル 】,2023-08-29T03:18:11Z,5470,622,4
qx-x4cksBec,【#ホロスタRUST SEASON 2】4日目 後半【 #奏手イヅル 】,2023-08-28T16:22:14Z,7208,647,3
w8_8kc63G-M,【#ホロスタRUST SEASON 2】4日目 前半【 #奏手イヅル 】,2023-08-28T07:17:21Z,9147,800,3
9EyUnX-i6y8,【#ホロスタRUST SEASON 2】3日目 【 #奏手イヅル 】,2023-08-27T16:22:23Z,6451,604,3
-MoHCuh4jqQ,"【公認ミラー配信 #VALORANTChampions 】 Grand Final , PRX vs EG【奏手イヅル】",2023-08-27T00:34:44Z,6259,580,10
gFtLLZRWKSY,【#ホロスタRUST SEASON 2】2日目【 #奏手イヅル 】,2023-08-26T18:57:32Z,5975,652,4
roB1bwJ1P4s,【#ホロスタRUST SEASON 2】1日目【 #奏手イヅル 】,2023-08-25T18:56:39Z,11720,923,5
8ksoylcwml8,【OVERWATCH2】TEAMホロスタいきまぁす！【奏手イヅル/ホロスターズ】,2023-08-23T10:57:30Z,6184,676,3
WHV-IcZ6YTY,【Valorant】のんびりｱｾﾝﾀﾞﾝﾄ目指す【奏手イヅル】,2023-08-22T14:24:39Z,12001,1087,5
kkXKjl_H9ow,おやすみ歌枠 その80538【奏手イヅル】,2023-08-20T16:34:58Z,24161,1705,20
P1MCLmBCQNQ,雑談 ｰ グッズ告知しか中身のない誕生日会【奏手イヅル】,2023-08-12T13:34:51Z,10317,1347,23
oVJU9CgIJA8,"【公認ミラー配信 #VALORANTChampions 】 Day 6 , ZETA vs NRG【奏手イヅル】",2023-08-12T00:56:13Z,5422,668,3
5BBseTJqTgA,魔女の家MV を初見でやる【奏手イヅル】,2023-08-11T15:25:14Z,9453,1072,7
Jy2gIUUG8pM,"【公認ミラー配信 #VALORANTChampions 】 Day 6 , FNC vs ZETA【奏手イヅル】",2023-08-08T23:38:04Z,4401,572,4
IymjGDDYWPM,【弾き語り歌枠】8月を乗り切りたい男【奏手イヅル】,2023-08-04T16:52:56Z,17734,1450,16
g8D9YPyB3nw,ピクミン4 をやらせて頂く # 6【奏手イヅル / ホロスターズ】,2023-08-01T21:06:26Z,7184,815,7
6oEdZRbxw1g,雑談 ｰ 部屋が涼しいのは俺がクールガイだから【奏手イヅル】,2023-07-29T05:36:25Z,6277,807,6
OeasEkQJeOg,ピクミン4 をやらせて頂く # 5【奏手イヅル / ホロスターズ】,2023-07-27T16:01:02Z,5384,585,5
2H1bEQPGAp0,ピクミン4 をやらせて頂く # 4【奏手イヅル / ホロスターズ】,2023-07-25T14:48:02Z,4215,513,5
mHYJjGr1TEg,ピクミン4 をやらせて頂く # 3【奏手イヅル / ホロスターズ】,2023-07-24T18:25:37Z,6049,655,6
kVwl-bG9ChY,ピクミン4 をやらせて頂く # 2【奏手イヅル / ホロスターズ】,2023-07-22T17:08:53Z,6126,618,6
0ShKTVwxau4,ピクミン4 をやらせて頂く # 1【奏手イヅル / ホロスターズ】,2023-07-21T13:06:02Z,7123,711,9
1KTsiGfsWZ0,エグゾプライマル ネタバレあり【奏手イヅル w/ アステル 羽継烏有】,2023-07-14T12:21:46Z,3896,510,3
ATcFIREpP2g,【Feign】第2回 #ホロスタおバカ人狼 【奏手イヅル / ホロスターズ】,2023-07-11T15:10:53Z,9053,736,8
_KyOvphR8EU,【夜間警備】久々ｼﾞｬﾅｧ【奏手イヅル/ホロスターズ】,2023-07-07T13:34:36Z,11779,1253,11
N3Xt2cHKhp8,【Valorant】デュオコンペ！→トリオ【奏手イヅル w/ 水無瀬 AlphaAzur 】,2023-07-05T11:22:37Z,11964,1003,4
VC7uaBVolJg,【弾き語り歌枠】7月最初のヤツ【奏手イヅル】,2023-07-01T11:56:27Z,17650,1337,12
_fn46LxX9BM,【Valorant】振り分け5試合！【奏手イヅル/ホロスターズ】,2023-06-30T17:25:50Z,11916,1052,6
UoLp2x8Qui0,【マーダーミステリー】未完成文豪ロワイヤル - 茶汲坊主/奏手イヅル - 視点 【#ホロスタ文豪ロワイヤル】,2023-06-28T15:39:43Z,6835,699,2
BKOLGEZUPRA,【PUBG】#SMRCUSTOM【奏手イヅル w/ アステル パカエル ハユン】,2023-06-27T15:35:50Z,17298,1048,5
hd1TiLrUGQs,【PUBG】数年ぶりに帰ってきた男【奏手イヅル w/ アステル パカエル ハユン】,2023-06-26T16:23:09Z,6312,768,6
lBdw-ltq4pM,【雑談】24時まで周年振り返りつつ【奏手イヅル/ホロスターズ】,2023-06-22T15:32:41Z,7005,868,11
w3PCg31t3OY,#奏手イヅル4周年 / ホロスターズ,2023-06-22T12:59:39Z,111050,6954,143
lmCAZiJb4f4,【Feign】第1回 #ホロスタおバカ人狼【奏手イヅル / ホロスターズ】,2023-06-21T14:46:12Z,9980,840,4
nnXMC1b86Yw,【Valorant】新パッチ体験会！チームデスマッチ【奏手イヅル w/ アステル・レダ】,2023-06-20T12:39:26Z,11350,918,4
WnXDiSGfg9w,【Smalland: Survive the Wilds # 4】攻略サイトにも載ってない世界【 #奏手イヅル / ホロスターズ】,2023-06-18T20:33:39Z,4746,497,4
ab-h3ZNyVIQ,【Valorant】アセンダントVへの道【奏手イヅル/ホロスターズ】,2023-06-18T14:49:14Z,6912,720,2
6xE8QHemyLE,【#エグゾプライマルOBT】わちゃわちゃフルパ！【奏手イヅル w/ アステル アルランディス 水無世燐央 夜十神封魔】,2023-06-17T18:27:42Z,5804,651,6
dKvT3vIVP_Y,【Valorant】フルパコンペ → カスタム vs KNRフルパ【奏手イヅル w/ Alpha Azur、風楽奏斗、ありけん、CRおじじ】,2023-06-13T18:23:02Z,13630,940,4
cY0ikbxTNDg,【雑談】低気圧に負けるなよお【奏手イヅル/ホロスターズ】,2023-06-12T16:53:11Z,10883,1135,10
ca4gueavNdM,【Smalland: Survive the Wilds # 3】進捗ロスト【 #奏手イヅル /天真/みやび/アルランディス】,2023-06-05T19:21:56Z,5090,595,4
q8jL_zIw4ro,【Valorant】フルパコンペ【奏手イヅル w/ アステル 緋崎ガンマ 渋谷ハル 久我レオ】,2023-06-03T19:42:37Z,8499,760,7
55Ftymfci6o,【Valorant】ｱｾﾝﾀﾞﾝﾄなりたいなれないなりたい【奏手イヅル/ホロスターズ】,2023-06-01T20:08:26Z,14721,1129,6
1aZNNQ4leD0,【Cover】ファイトソング(Eve) / 奏手イヅル,2023-05-30T10:00:09Z,527100,14324,368
Z7N3QTiVeS8,【弾き語り歌枠】5月最後のギター弾き語り【奏手イヅル】,2023-05-28T15:34:33Z,26189,1972,17
xJyj4MWDKrc,【#ホロスタRUST】最終日前半【 #奏手イヅル 】,2023-05-27T19:55:47Z,24501,1134,6
sFERAIpmSWE,【#ホロスタRUST】閉会式【 #奏手イヅル 】,2023-05-27T15:41:26Z,5356,623,16
CoFgVfFEc2A,【#ホロスタRUST】レイドさせてください 7日目後半【 #奏手イヅル 】,2023-05-27T00:49:43Z,11303,832,4
aDEojNrh1qg,【#ホロスタRUST】レイドDT卒業 7日目前半【 #奏手イヅル 】,2023-05-26T11:46:18Z,9617,802,6
R_GgZ-ZaJKk,【#ホロスタRUST】復讐準備 6日目【 #奏手イヅル 】,2023-05-26T01:51:05Z,11471,881,7
V88RYdbnV98,【#ホロスタRUST】やってくれたね＾＾ 5日目【 #奏手イヅル 】,2023-05-25T08:48:39Z,17769,1166,9
KHNnCfmf8R0,【Cover】デビルじゃないもん / 奏手イヅル アステル・レダ,2023-05-24T10:00:09Z,650799,16445,316
qRRFfIXDxBk,【#ホロスタRUST】レイドへの備え 4日目【 #奏手イヅル 】,2023-05-23T17:05:17Z,24497,1430,9
ISrLzFsYCZc,【#ホロスタRUST】タワマン在住無職 3日目【 #奏手イヅル 】,2023-05-22T16:41:15Z,8948,896,6
ldMq4-Zr3uI,【#ホロスタRUST】覇王道 2日目【 #奏手イヅル 】,2023-05-21T15:10:40Z,14600,1120,6
891K3L5dwnc,【#ホロスタRUST】始動！準備！慣れろ！1日目【 #奏手イヅル 】,2023-05-20T19:47:55Z,23072,1512,15
GuqUWodiYgU,【Apex Legends】シルバー帯のゆったりランク【 #奏手イヅル /#ホロスターズ 】,2023-05-16T09:03:09Z,9541,996,6
2mgvhR5--SQ,【Apex Legends】ｶﾞﾁのﾏｼﾞで久々ランク【 #奏手イヅル w/ ｱﾙﾗﾝﾃﾞｨｽ 】,2023-05-12T11:57:25Z,11243,968,6
-hVwQ_sWUAk,【Smalland: Survive the Wilds # 2】俺の下僕が雑魚【 #奏手イヅル /天真/みやび/アルランディス】,2023-05-11T17:48:57Z,4810,596,5
5h0EbPYlDk4,【VALORANT】ネオポルテ×ホロスタ混合弊社御社カスタム！【 #奏手イヅル / #ホロスターズ 】,2023-05-10T16:00:52Z,14464,974,6
rcX3BXkI-hg,【VALORANT】ネオポルテ×ホロスタ混合弊社御社カスタム！【 #奏手イヅル / #ホロスターズ 】,2023-05-10T13:12:25Z,9842,909,2
7R8BCSx5-XE,【Valorant】ゆるっと雑談しながらｺﾝﾍﾟ【奏手イヅル/ホロスターズ】,2023-05-07T08:03:10Z,8998,926,8
UrbLjqittsY,【Smalland: Survive the Wilds # 1】新たな冒険 ⚠虫注意【奏手イヅル /天真/みやび/アルランディス】,2023-05-02T19:00:45Z,7100,726,6
ePglwy4m_Ho,【カラオケ歌枠】近況報告＆噂のカラオケアプリで【奏手イヅル】,2023-04-28T13:53:39Z,28603,2171,23
dsQeI1oUHMo,【ギター弾き語り】息抜きに歌枠【奏手イヅル】,2023-04-20T14:48:18Z,19097,1508,36
xwjp12D-TZQ,【Valheim # 12】最終回か？最終回なのか？【奏手イヅル /天真/みやび/アルランディス】,2023-04-07T16:55:45Z,3815,481,8
ZJ89SmMYtmA,【ギター弾き語り】4月最初のゆったり歌枠【奏手イヅル】,2023-04-06T11:58:08Z,22286,1824,20
ln3xGpP2Qvc,【雑談】のんべんだらり【奏手イヅル/ホロスターズ】,2023-03-31T16:34:32Z,10494,1050,6
cLsIje1gj_U,【Valheim # 11】万全な準備をしよう【奏手イヅル /天真/みやび/アルランディス】,2023-03-28T12:02:14Z,5722,637,2
lu1bJqIyJdY,【ピアノ弾き語り🎹】ｶﾞﾁ5億年ぶり【奏手イヅル】,2023-03-26T07:12:37Z,26448,2302,21
mNTWgPlnOAI,【Phasmophobia】久々の怖い系【奏手イヅル w/猫瀬乃しん&Ike Eveland】,2023-03-21T15:57:36Z,20150,2186,5
2d7L4KVeaeo,【Valheim # 10】終焉へ向かう四人【奏手イヅル /天真/みやび/アルランディス】,2023-03-19T18:56:46Z,5620,608,3
ObgvYYTLTTw,【Valheim # 9】僕だけ遊んでます【奏手イヅル /天真/みやび/アルランディス】,2023-03-14T20:22:59Z,5444,584,4
jBJaIbYENL0,【弾き語り】咳？治ってねぇよ歌枠【奏手イヅル】,2023-03-14T11:59:49Z,19832,1508,13
ZgjFfcBJ4NI,【Valheim # 8】みんなの帰る家【奏手イヅル /天真/みやび/アルランディス】,2023-03-09T21:39:52Z,6638,638,5
bwe3Z-YsfAk,【Valheim # 7】俺たちは一度死んだ【奏手イヅル /天真/みやび/アルランディス】,2023-03-05T20:54:54Z,6451,697,5
oplpWbwTw_Y,【League of Legends】学び【奏手イヅル/アステル】,2023-03-04T12:27:09Z,7164,893,3
tsrAh8qY1qc,【Valheim # 6】沼を攻略する【奏手イヅル /天真/みやび/アルランディス】,2023-02-28T23:55:55Z,8132,761,4
X9BDVUNjyWA,【Apex】TCB家コラボ!!【奏手イヅル w/猫瀬乃しん&Ike Eveland】,2023-02-27T15:42:13Z,25049,2602,14
anstLl2DwYY,【Valheim # 5】ヴァルヘイム系V【奏手イヅル /天真/みやび/アルランディス】,2023-02-22T20:55:26Z,6628,658,7
Q3QANH_lD1k,【Valheim # 4】僕は家を作るのが好きです【奏手イヅル /天真/みやび/アルランディス】,2023-02-21T23:41:39Z,8568,850,5
9Jv27R4hS0U,【Valheim # 3】沼ゲーにて木こり【奏手イヅル /天真/みやび/アルランディス】,2023-02-15T19:28:22Z,7856,808,5
CoXQ8-jyeFo,【Valheim # 2】木 キル 森 モヤス【奏手イヅル /天真/みやび/アルランディス】,2023-02-14T19:03:33Z,8219,829,6
VCsHolUeb7s,【弾き語り】収録前の声出し歌！【奏手イヅル】,2023-02-12T07:23:48Z,21364,1891,19
y7AVFxXAKFw,【Valheim # 1】久々のサバイバルは彼らと【奏手イヅル /天真/みやび/アルランディス】,2023-02-06T19:12:18Z,12393,1136,7
WVLs2_ZneTU,【雑談】コロナだったけど質問ある？【奏手イヅル】,2023-02-05T11:26:12Z,13205,1663,22
ZJzXXGeyig4,【弾き語り】好きなように歌う男EX【奏手イヅル/ホロスターズ】,2023-01-20T13:52:01Z,39727,2948,24
UL7xG0qUG1U,【弾き語り】枠初め【奏手イヅル/ホロスターズ】,2023-01-01T19:29:14Z,31442,2692,27
H9QqiJw7-vw,【弾き語り】路上ライブしてｪ～【奏手イヅル/ホロスターズ】,2022-12-24T15:37:15Z,25041,2309,17
yAnzFOogIPM,【#ホロスタJPアモアス2022】人狼下手部門🎸【奏手イヅル/ホロスターズ】,2022-12-19T12:12:06Z,19421,1438,22
ei0jHt9YbC0,ポケットモンスター スカーレット / #６🔰【奏手イヅル】,2022-12-18T12:52:43Z,7096,797,3
H5AIREiw6YI,ポケットモンスター スカーレット / ＃５🔰【奏手イヅル】,2022-12-10T20:54:23Z,6810,825,5
h3WCFkDvdIo,【#スタ雑 第３回 】ホロスタメンバーがゆるく出入り雑談する！【奏手イヅル/ホロスターズ】,2022-12-08T11:32:34Z,35384,2399,18
uINR4RSJhWg,ポケットモンスター スカーレット / ＃４🔰【奏手イヅル】,2022-12-02T20:52:18Z,6233,835,4
G3fKUYvIRZg,【弾き語り】11月終わらないで歌【奏手イヅル】,2022-11-30T15:11:36Z,20986,2080,15
yaHIF31WvAI,【Cover】わたしのアール(和田たけあき) / 奏手イヅル,2022-11-29T10:00:09Z,325855,11775,189
wGfD3SWgGqQ,【Golf It】秋冬衣装で大人のたしなみ【奏手イヅル/律可/アステル・レダ】,2022-11-27T14:43:41Z,12719,1602,13
Wzon-2r9mvk,【#ホロスタ秋冬新衣装】リレー配信！俺が最強みんな最強【奏手イヅル】,2022-11-27T12:31:47Z,26329,3266,45
oFq8zZguF4M,ポケットモンスター スカーレット / ＃３🔰【奏手イヅル】,2022-11-24T18:44:13Z,5868,703,8
IarSlBB-SeE,ポケットモンスター スカーレット / ＃２🔰【奏手イヅル】,2022-11-22T18:52:33Z,5805,686,8
K8sGdZwhTj0,ポケットモンスター スカーレット / ＃１🔰【奏手イヅル】,2022-11-20T19:05:29Z,12192,1218,10
jC1U_P6L21U,【弾き語り】ひさびさ歌うぞ！！ギター！【奏手イヅル】,2022-11-13T11:10:35Z,21150,1924,25
y7_r-y6YLRg,【OVERWATCH2】 OW2覚えたいよ；；【奏手イヅル w/ アステル メイカさん AlphaAzurさん うゆう】,2022-11-09T13:51:12Z,5418,655,3
1ubsC-fZZ_s,【OVERWATCH2】 ホロスタOW2部 ランク【奏手イヅル w/ アステル 花咲みやび 羽継烏有】,2022-11-08T22:37:36Z,9421,1063,6
ZrbxGDIVLsY,【Cover】あの夏のいつかは(*Luna) / 奏手イヅル 律可 アステル・レダ  影山シエン,2022-11-08T11:00:06Z,265512,8661,122
oeuDPKn5dwc,【Core Keeper】釣り人視点【奏手イヅル/ #ホロスタコアキーパー 】,2022-11-07T16:37:37Z,9138,962,6
NwOL8LUCnR4,【Apex】渋ハルカスタム2周年！　勝ちて～！【奏手イヅル/ホロスターズ】,2022-11-03T14:49:28Z,6903,949,6
T-DRhuYOBZc,【Cover】迷宮ラブソング(嵐) / 奏手イヅル 律可 アステル 影山シエン 水無世燐央,2022-10-31T13:00:16Z,465565,10795,172
OvJhvsGsmWs,【OVERWATCH2】 ホロスタOW2部 雑魚部門【奏手イヅル w/ アルランディス 花咲みやび 羽継烏有】,2022-10-26T12:32:19Z,5315,772,3
nVprap7mevk,【弾き語り】ライブありがとう＆少し歌！【奏手イヅル】,2022-10-22T15:13:27Z,14308,1459,13
uQ82CF-5F44,【RAFT : 2章 その4】終幕【奏手イヅル/夕刻ロベル/岸堂天真】,2022-10-06T17:14:46Z,5999,763,12
Cv19bax4wak,【Splatoon 3 】#ホロスタスプラ対抗戦【奏手イヅル/ホロスターズ】,2022-10-03T13:33:31Z,7063,806,7
aoKpwc4MP1Q,【Splatoon 3 】さぁん！【奏手イヅル w/ 岸堂天真 アステル / ホロスターズ】,2022-09-28T18:45:59Z,11088,1086,4
74TbD2C8WEM,初見スプラ３ その2【奏手イヅル w/ 岸堂天真 アステル / ホロスターズ】,2022-09-26T10:51:20Z,10327,1015,4
kN-SX8uXgeY,【Apex】マキオカスタム～！【奏手イヅル & 夜十神封魔 & 緋崎ガンマ】,2022-09-23T14:24:22Z,10456,1160,4
JQ23ILsdHhM,初見スプラ３【奏手イヅル/ホロスターズ】,2022-09-22T14:41:01Z,9835,1204,8
_klL6zOfiO4,【弾き語り】歌みたを聞け【奏手イヅル】,2022-09-16T10:31:37Z,18972,1722,13
tUUJ4SufDdQ,【Cover】 あとのまつり (ヤマモトガク／Peg) /  奏手イヅル,2022-09-16T09:00:13Z,522994,13158,262
v9R7_Pmgt7o,【マーダーミステリー】記憶を脱ぐ日【奏手イヅル/花咲みやび/アルランディス/岸堂天真/夕刻ロベル/ホロスターズ】 #ホロスタ記憶を脱ぐ日,2022-09-12T16:11:14Z,11234,1281,7
HVY-bNg7xJw,【Within Skerry】ホラゲ ﾋﾟｪ【奏手イヅル】,2022-09-11T10:54:26Z,8518,1288,5
EUTIezrKuJw,【弾き語り】ぽ【奏手イヅル】,2022-09-08T14:18:18Z,19243,1946,23
6ZLfzqfuDNw,【RAFT : 2章 その3】永久凍土へ【奏手イヅル/夕刻ロベル/岸堂天真】,2022-09-06T18:00:45Z,6509,936,1
i9YHu1pMXL0,【RAFT : 2章 その2】初めてのボス敵【奏手イヅル/夕刻ロベル/岸堂天真】,2022-09-02T17:42:08Z,7573,942,5
212XVyv4f48,【弾き語り】新居よりテスト配信【奏手イヅル】,2022-08-27T12:18:29Z,18188,1876,26
NsSszhMQwhg,【RAFT : 2章 その1】俺たちの大航海【奏手イヅル/夕刻ロベル/岸堂天真】,2022-08-22T17:53:18Z,9878,1159,4
5msi4f193vI,グッズ・ボイス販売中,2022-08-13T14:43:27Z,0,1016,0
UQUfLhnICYU,家が一番良い雑談【奏手イヅル】,2022-08-13T07:40:28Z,8050,1101,6
IKxfD6s1qew,#奏手イヅル3D路上ライブ  / ホロスターズ,2022-08-13T03:40:52Z,41430,2600,45
vxKWQPH_B04,【Stray：2】猫になるやつ【奏手イヅル/ホロスターズ】,2022-08-05T10:18:00Z,7995,1247,3
0hYHDUJr2T0,【Stray：1】猫になるやつ【奏手イヅル/ホロスターズ】,2022-08-04T14:15:41Z,10179,1605,9
IZ7qP2_LV4c,【#ホロスタマリカ最強カルテット決定戦】チーム坊主【奏手イヅル/花咲みやび/夕刻ロベル/水無世燐央】,2022-07-23T13:09:34Z,11466,1228,9
tZnBvzt-ZkU,汚部屋から歌おう！【奏手イヅル】,2022-07-13T11:27:54Z,16327,1723,12
5SA080rdrL4,新居よりお届け,2022-07-03T13:59:40Z,11127,1479,9
sUevY6QdaC8,【Grounded：# 5】俺 ちっさ【奏手イヅル w/ 🍷 🦔💨】,2022-06-24T04:55:35Z,5336,899,3
_Ms6WrkjNYU,【雑談】3D配信の振り返り少々【奏手イヅル】,2022-06-23T15:31:51Z,9378,1462,7
MLFUFPB933M,【3D】3rd Anniversary【#奏手イヅル3周年 /ホロスターズ】,2022-06-22T12:05:21Z,153714,11761,171
hpV4JQiuk9w,【弾き語り】引っ越し前ラスト歌枠【奏手イヅル/ホロスターズ】,2022-06-19T12:26:38Z,21610,1858,12
v_oPnD1H8kg,【Grounded：# 4】俺 ちっさ【奏手イヅル w/ 🍷 🦔💨】,2022-06-16T06:13:03Z,4783,884,5
9VCULY4_Fx4,【Goonect】協力！ﾃｨﾃｨ！💪世界一位【奏手イヅル w/岸堂天真🦔】,2022-06-11T04:27:27Z,5796,910,7
IMfHcR-3Oa0,【Prop night】ホロスタの絆【奏手イヅル視点 w/ 🌺🍕⚙🦔】,2022-06-09T13:49:32Z,10413,1344,3
SYuAmzP8RfQ,【Grounded：# 3】俺 ちっさ【奏手イヅル w/ 🍷 🦔💨】,2022-06-03T06:00:41Z,5440,889,2
JHvfr_F5YUg,【Grounded：# 2】俺 ちっさ【奏手イヅル w/ 🍷 🦔💨】,2022-05-27T07:05:24Z,6905,1128,3
qG67_cz-vLs,【雑談】成人男性の近況【奏手イヅル/ホロスターズ】,2022-05-21T15:22:37Z,9801,1286,5
u49LpupGFyo,【弾き語り】しっとりした良い漢【奏手イヅル】,2022-05-16T13:39:37Z,25600,2343,17
esjZ0nSITXA,【Grounded：# 1】俺 ちっさ【奏手イヅル w/ 🍷 🦔💨】,2022-05-13T06:50:18Z,9967,1213,2
HtsUo5XmfQE,【弾き語り】気絶せずに歌う【奏手イヅル】,2022-05-07T12:34:47Z,21670,1997,20
zS3ew0y2GMM,【Dying Light 2：最終回】物騒な世界に来た【奏手イヅル/夕刻ロベル/岸堂天真】,2022-05-05T04:30:33Z,5207,878,2
s2ynaqh99zI,【OW2】ホロスタOW2部【奏手イヅル🔰 w/🍕🌺🎭🟣】,2022-05-04T14:29:18Z,12456,1689,7
CRjpHeUOJ7E,【弾き語り】歌いに来ましたぁ♥【奏手イヅル】,2022-05-02T11:42:03Z,21828,2365,17
gUC8whtm_Tc,【Dying Light 2：#6】物騒な世界に来た【奏手イヅル/夕刻ロベル/岸堂天真】,2022-04-29T06:11:42Z,5515,885,1
uQ1v6bVCli0,ノスタルジックJ-pop / 大森靖子 弾き語りcover,2022-04-27T16:13:02Z,38165,2890,0
C7k_Nv2RRNc,【Dying Light 2：#5】物騒な世界に来た【奏手イヅル/夕刻ロベル/岸堂天真】,2022-04-26T08:45:21Z,8244,1059,6
OFQtMmHQxpo,【弾き語り】土曜の夜歌う男【奏手イヅル】,2022-04-23T14:08:19Z,17951,2299,24
O96_2A2hZHc,【Dying Light 2：#4】物騒な世界に来た【奏手イヅル/夕刻ロベル/岸堂天真】,2022-04-19T06:40:54Z,15162,1524,10
ZZ_oDhtQneQ,【朝活】拙いウクレレ添え雑【奏手イヅル】,2022-04-16T00:59:39Z,10099,1529,18
SJWL-4Ks6vY,【弾き語り】声がｶﾞｻｶﾞｻの男の歌【奏手イヅル】,2022-04-06T12:12:58Z,27326,2716,21
BuuclyX0yY8,【Dying Light 2：#3】物騒な世界に来たぼくたち【奏手イヅル/夕刻ロベル/岸堂天真】,2022-03-28T15:56:19Z,8252,1164,6
W-C6w0HE0eM,【閉店事件】ワンオペの記憶【奏手イヅル】,2022-03-27T09:50:33Z,21022,2237,14
FbZyaPGYwxA,【Dying Light 2：#2】物騒な世界に来たぼくたち【奏手イヅル/夕刻ロベル/岸堂天真】,2022-03-25T16:29:07Z,7536,1261,7
ohtCYiEMbSA,【雑談】正装2.0で 晩酌雑談【奏手イヅル】,2022-03-15T16:08:22Z,12932,1554,9
-9RyeaNpcS4,【弾き語り】久々のギターに嚙まれた【奏手イヅル】,2022-03-10T13:56:47Z,27611,2373,15
p8YafpUCG68,【Dying Light 2：#1】物騒な世界に来たぼくたち【奏手イヅル/夕刻ロベル/岸堂天真】,2022-03-07T17:31:13Z,13977,1489,6
pl_GReDVJf8,【RAFT :第1章 第7話】おわりはじまり はじまり【奏手イヅル】,2022-02-28T13:56:19Z,8243,1056,8
b2BaoznD41M,【新衣装】10万人記念衣装！ 来たぞ🙌【奏手イヅル】,2022-02-27T11:41:18Z,34652,4507,35
TTfkhz6cwHQ,【Cover】街灯がさびたまま(シロムーン) / 奏手イヅル,2022-02-27T10:30:43Z,334618,8270,190
UHR-oCD_-6I,【歌枠】Mr.Childrenのみのカラオケ(イヤホン非推奨)【奏手イヅル】,2022-02-25T11:05:38Z,12033,1489,8
zPKopusEEsk,【RAFT : 第6話】立ちはだかる断崖 人の痕跡【奏手イヅル】,2022-02-21T16:15:48Z,10452,1145,7
q1oIpdE4QOM,【弾き語り】好きなだけ歌う男【奏手イヅル】,2022-02-19T11:29:21Z,22121,2158,12
ceQ0E6qwv7o,【RAFT : 第5話】すれ違う3人の心…【奏手イヅル】,2022-02-16T15:09:49Z,10683,1290,5
-8RkXrBF8rY,【RAFT : 第4話】前人未到のクリアを目指す【奏手イヅル】,2022-02-13T17:11:40Z,11482,1391,3
fi7vxM9sdkU,【Re】BUMP OF CHICKENのみのカラオケ【奏手イヅル】,2022-02-12T10:23:19Z,17153,1999,10
5vKq2-eXE2M,【雑談】新年初の雑談なのにもう2月【奏手イヅル】,2022-02-08T14:53:39Z,13376,1336,8
wGXS8RIkvhI,【RAFT : 第3話】マジで無限に遊べる神ゲー【奏手イヅル】,2022-02-06T16:01:51Z,12943,1360,7
rr3hYq5Z80c,【歌枠】一週間お疲れ弾き語り【奏手イヅル】,2022-02-04T14:05:18Z,23674,2303,18
zXpAcS0RTR8,【RAFT : 第2話】果ての未来へ行く男達【奏手イヅル】,2022-02-02T15:28:40Z,13321,1589,5
6IBjSxHLibM,【RAFT : 第1話】海洋大好き男【奏手イヅル】,2022-01-27T14:59:18Z,19994,1954,6
GbVcyURb0qw,【歌枠】久々のギター弾き語る【奏手イヅル】,2022-01-24T12:43:44Z,27732,2757,22
s_pwEJZrmoU,【7 Days to Die】くちくｯ！！！！【奏手イヅル  #ホロスタ生き残り隊】,2022-01-15T15:59:01Z,11312,1412,4
70FnvohCPVM,🔰感謝のピアノ弾き語り 【奏手イヅル/ホロスターズ】,2022-01-13T13:14:40Z,21283,2184,19
kKJ5ACipHYw,あけおめ！(激遅) 弾き語り【奏手イヅル/ホロスターズ】,2022-01-07T14:36:38Z,21902,2272,14
s3Ti9Ys3EZg,ライブの感想　今年最後の雑談【奏手イヅル/ホロスターズ】,2021-12-28T17:01:13Z,14205,1475,11
xz8X5NCmaPo,アルティメット孤独雑談【奏手イヅル/ホロスターズ】,2021-12-24T10:53:32Z,15124,2065,11
xb8Hi5O3wHI,ギターで優しく歌うやつ【奏手イヅル】,2021-12-21T16:02:09Z,26033,2677,19
F0HYncCxSgg,【告知】嬉しいポロリ有り【奏手イヅル/アステル・レダ/花咲みやび/岸堂天真】,2021-12-20T15:15:46Z,26896,3117,14
ZL2iUp2Wyyc,#4 最終回 初見で ちびロボ！ やるぞ 【奏手イヅル】,2021-12-14T19:08:25Z,9249,1362,8
OaGr0v8Uowo,#3 初見で ちびロボ！ やるぞ 【奏手イヅル】,2021-12-11T17:15:14Z,8032,1371,6
0DeVokOPfF0,弾き語りするぜ【奏手イヅル】,2021-12-05T11:56:44Z,27389,2939,21
m09j9DgQiQI,#2 初見で ちびロボ！ やるぞ 【奏手イヅル】,2021-12-01T17:28:17Z,8878,1429,4
DthYtlzSn88,#1 初見で ちびロボ！ やるぞ 【奏手イヅル】,2021-11-28T11:03:22Z,14674,1730,9
29TU74RtZy4,【弾き語り】学校帰り 歌う男【ホロスターズ/奏手イヅル】,2021-11-15T11:36:00Z,24335,2545,12
Tprwa3ZMWbU,【弾き語り】３Dお疲れ様 俺【ホロスターズ/奏手イヅル】,2021-11-02T11:38:59Z,26692,2989,12
ruE9HQ6NgIA,【#奏手イヅル3D】お披露目ミニライブ‼【ホロスターズ/奏手イヅル】,2021-10-30T12:06:47Z,143746,15783,266
v2bzZDZruyA,ピアノ弾き語り ギターどっかいった【ホロスターズ/奏手イヅル】,2021-10-28T10:43:03Z,25424,2678,22
HWIjd7I3vIM,【告知！】告知【ホロスターズ/奏手イヅル】,2021-10-23T10:38:55Z,18052,3100,82
ioq27_i2Sa8,弾き語り！2週間ぶりの歌枠【ホロスターズ/奏手イヅル】,2021-10-16T11:38:10Z,27980,2885,10
faX0PaVJO1Y,ﾁｬｹ呑み雑談【ホロスターズ/奏手イヅル】,2021-10-02T16:20:12Z,14572,1972,7
rSnKgeWLHZk,【Phasmophobia】やっちまえ！👻【ホロスターズ/奏手イヅル/アステル/アルランディス/夕刻ロベル】,2021-09-30T16:29:34Z,18699,2407,9
j3zBr9SpiRc,歌！ギター！弾き語り！【奏手イヅル】,2021-09-28T14:02:42Z,25493,2738,15
_FV4yQK9Se8,5億年ぶりのピアノ弾き語り【奏手イヅル】,2021-09-17T10:37:04Z,27783,3001,21
1dbTaBv5S90,【つぐのひ】霊刻の踏切 アイの亡き声 やる【奏手イヅル】,2021-09-12T07:13:30Z,15568,2159,7
lnY0DS7E2Hk,弾き語り 初めての曲多めで【奏手イヅル】,2021-09-10T10:06:06Z,23523,2677,21
gKHXBkpDtvQ,月曜日 / amazarashi 弾き語りcover,2021-09-09T10:31:27Z,81454,5395,168
_iBexWOf6aw,奏手イヅル『連なるモノローグ』Official Music Video,2021-09-04T10:00:11Z,723077,29176,811
455_LFSukZs,深夜雑談 動画告知あり【奏手イヅル】,2021-09-03T16:40:19Z,14924,2178,8
wH4RbDYCbA4,【#2】俺は Idol Manager だぞ【奏手イヅル】,2021-09-01T19:56:46Z,12467,1841,7
q_cYAEyy150,【#1】俺は Idol Manager だぞ【奏手イヅル】,2021-08-29T07:54:20Z,24518,2843,9
o5e7DTYoyvA,弾き語り 夏のワビサビ【奏手イヅル】,2021-08-27T13:01:38Z,28275,2964,21
rnTQ47UOCrw,Live2D 2.0! 歌リレーでお披露目【奏手イヅル】,2021-08-23T10:21:39Z,30211,3608,43
doEPriZRTWE,祝え！ 20歳！【奏手イヅル】,2021-08-12T11:04:55Z,22540,3311,110
F7Ze2RsakOo,暑さに耐える弾き語り【奏手イヅル】,2021-08-04T15:47:01Z,30007,3122,44
jxwFxMNOXCA,BUMP OF CHICKENを歌わせてください【奏手イヅル】,2021-07-23T16:34:26Z,30414,3065,21
yXNmO3A90wI,【ポケモンUNITE】夏はこれやろ【奏手イヅル/アステル】,2021-07-22T11:17:56Z,13752,1803,4
KOeT-1dwHrY,海でカニ捕ってました【奏手イヅル】,2021-07-16T15:37:15Z,12610,1716,8
XiHdAl8Xz4w,ウクレレ  ポロリ有り【奏手イヅル】,2021-07-11T14:56:19Z,18560,2102,16
Jn-GFVyWgW4,弾き語りの夜【奏手イヅル】,2021-07-03T16:12:03Z,56697,4556,40
t5EvIC-6wzk,メンシ解禁 - 2周年【奏手イヅル】,2021-06-22T11:04:23Z,22614,2727,54
Vj1XOWOxTho,【Cover】回る空うさぎ(Orangestar) / 奏手イヅル,2021-06-22T10:00:12Z,1429682,33632,0
-o8Nx1Q7UIg,ホロスタ2周年やてね 雑談【奏手イヅル】,2021-06-04T18:16:00Z,23655,2697,14
VIOG7viunwo,【弾き語り】マイクチェック【奏手イヅル】,2021-05-29T18:11:58Z,30422,2899,17
IFMNLvoGGYA,深夜 Human: Fall Flat 【奏手イヅル/アステル】,2021-05-14T16:00:04Z,29503,3409,29
d0NXC7POoUs,【歌ってみた】ジャガーノート【奏手イヅル/アステル・レダ】,2021-05-14T10:00:15Z,1112164,30454,691
jlNjAXIQgEE,ウクレレぽろり枠 - ukulele【奏手イヅル】,2021-05-02T03:31:59Z,27812,3502,33
c5raTlXBkfs,#10 世の中舐めてるラジオ ~思い出すと死にたくなること~【奏手イヅル】,2021-04-29T15:26:40Z,14324,1913,13
32I257VRT3w,新機材テスト弾き語り【奏手イヅル】,2021-04-23T11:04:55Z,27140,2883,31
HtgvW43RJtE,#ホロスタAmongUs 3rd Season【奏手イヅル】,2021-04-19T15:26:22Z,32866,2981,28
FzqqRYydnaA,【雑談】ウクレレ確保！【奏手イヅル】,2021-04-15T17:09:55Z,17481,2136,24
xNgHJQQXT0w,【弾き語り】あわよくば10万見守り【奏手イヅル】,2021-04-08T17:34:01Z,29572,3027,59
AID1pZVAkPc,【雑談】４月初【奏手イヅル】,2021-04-01T16:56:14Z,15029,2001,14
btOWu4bhMPI,【月一談議】3月編！！ 小僧二人【奏手イヅル/アステル】,2021-03-27T15:05:37Z,11114,1618,5
yMFogit1xQo,落ち着けピアノ弾き語り【奏手イヅル】,2021-03-26T16:27:15Z,25877,2633,22
5oDgNL_vk1A,ケーキ食べたので歌いに来ました【奏手イヅル】,2021-03-12T16:20:19Z,24726,2572,21
1P46e-Ohhmo,落ち着け！ギター弾き語り【奏手イヅル】,2021-03-05T15:37:29Z,26564,2744,33
hAe0sdERmxI,歌と雑談の朝【奏手イヅル】,2021-02-27T03:31:57Z,16581,2158,35
ixRqWTXVgQk,"【雑談】最近の奏手イヅル , 80000人あざ",2021-02-17T16:08:05Z,13670,1880,10
8aPTkX3Tlhg,【弾き語り】ピアノ子守唄【奏手イヅル】,2021-02-13T17:40:24Z,46662,3618,38
uRouiWrnx0w,【弾き語り】ギターと男独り【奏手イヅル】,2021-02-05T15:57:49Z,31658,2739,38
On4GrwS2gto,【雑談】単位取れた(たぶん)【奏手イヅル】,2021-01-31T15:41:13Z,16093,1691,19
P1GH-04ebzo,【Cover】愛して愛して愛して / 奏手イヅル(Kanade Izuru),2021-01-29T10:00:11Z,2105697,92625,1798
ytZyn4jssmk,"【記念枠】70,000人 ピアノ買ったぞ！【奏手イヅル】",2021-01-26T15:17:25Z,18964,2514,27
Cx4gYKgsYzs,【雑談】最近ひきこもりがちな男【奏手イヅル】,2021-01-11T17:21:41Z,12148,1486,5
ggDoI7ZS_PY,【弾き語り】今年初めのギターと歌【奏手イヅル】,2021-01-07T15:51:57Z,33026,2897,35
c9zeQriSTAU,【スパチャ御礼】新衣装ありがと~!今年も頑張らねば【奏手イヅル】,2021-01-03T13:06:45Z,8235,1095,4
NM6Qi1PM2Kw,【#ホロスタお正月新衣装】リレー配信じゃ!【奏手イヅル】,2021-01-03T08:02:52Z,30486,3829,36
OJ3XOrT4SLc,【#ホロスターズカラオケ大会】うたはじめ【奏手イヅル】,2021-01-02T09:02:39Z,20664,2566,24
v2XpyLVl508,【月一談義】12月編!! After Merry Xmas【奏手イヅル/アステル】,2020-12-26T15:17:42Z,7434,1053,4
ILk7isT1qVs,サンタクロース来るまで歌う【奏手イヅル】,2020-12-24T19:58:45Z,26979,2846,23
eC80I1AXaaI,【Unspottable】お前、”本物”か？？【イヅル/律可/オウガ/シエン】,2020-12-24T14:06:18Z,12277,1516,8
IxT1xa3YGio,【Cover】クリスマスソング / RIZnote【奏手イヅル/律可】,2020-12-21T09:00:10Z,333304,12515,399
yZoLP_Co-SU,#9 世の中舐めてるラジオ ~社会に出たらこんなことがあったよ~【奏手イヅル】,2020-12-13T15:33:21Z,10630,1276,12
uXq-Aa-QtOE,喉の調子まぁまぁです Singing stream【奏手イヅル】,2020-12-11T15:23:33Z,24621,2283,22
LGBwqEmt-nE,#1【ピクミン3 DX】 🌱【奏手イヅル】,2020-12-05T16:32:29Z,6432,928,4
FwLuP_VwGck,【オフ歌枠】ホロスタが弾いて、ホロスタが歌う【奏手イヅル/律可/アステル/影山シエン/夕刻ロベル】#HoloUters,2020-11-30T07:24:55Z,185878,11881,209
Ww_XayjekMs,"【記念配信】節目 50,000人【奏手イヅル】",2020-11-25T15:28:11Z,11867,2110,28
kNw0gMRE398,#8 世の中舐めてるラジオ ~大きな声で言えない●癖の話~【奏手イヅル】,2020-11-18T15:35:17Z,9361,1151,2
_wu0GwBQZfw,おはよう歌枠 その1【奏手イヅル】,2020-11-15T23:13:35Z,26848,2425,36
NwHZkkYQACw,おやすみ歌枠 その3【奏手イヅル】,2020-11-09T16:39:25Z,21053,1846,23
IZhW87kQlCU,【弾き語り】11月最初のLet's SINGING!!【奏手イヅル】,2020-11-03T11:20:41Z,24177,2360,34
hsbK5iqzRf4,【Phasmophobia】ふぁすもふぉびあ？【奏手イヅル/アルランディス/夕刻ロベル/花咲みやび】,2020-11-02T13:52:23Z,25188,2304,27
WtFmLrECTOs,【月一談義】10月編!! Happy Halloween?🎃【奏手イヅル/アステル】,2020-10-31T17:07:07Z,6772,1091,9
bR2PvywI-Zg,【弾き語りSING】俺は 歌を歌う 男だから【奏手イヅル】,2020-10-27T16:00:28Z,27600,2615,35
ZsmPF3TU2hk,Among Us(Holostars) 2nd Season【奏手イヅル】,2020-10-27T13:51:56Z,23894,1868,15
_qAdhOHs8sA,【記念枠】4万人ありがと~!!　節目が見えてきた【奏手イヅル】,2020-10-15T12:02:17Z,8082,1297,19
1rgkCnKggTc,【Cover】帝国少女-Imperial Girl / 奏手イヅル(Kanade Izuru),2020-10-15T10:00:08Z,859542,18945,456
OgN3YLp0Ci0,#7 世の中舐めてるラジオ ~今までで一番辛かった人間関係~【奏手イヅル】,2020-10-10T15:16:04Z,6056,670,5
XhXfL4Nnoew,おやすみ歌枠 その２【奏手イヅル】,2020-10-09T18:05:04Z,28313,2127,19
fQ8ut6rl69w,【弾き語りSING】amazarashi縛り【奏手イヅル】,2020-10-04T16:11:59Z,27541,2039,38
KKjpHuM-OG4,"Among Us(solo) Come on babe, I'll make u big(PERSON! PERSON!) 【奏手イヅル】",2020-10-04T10:19:15Z,15659,1919,44
YCRcpgpc5iE,#6 世の中舐めてるラジオ ~人にドン引きされた話~【奏手イヅル】,2020-09-24T16:22:07Z,5730,650,3
wzRx3bt7VEw,Among Us(Holostars) 【奏手イヅル】,2020-09-24T13:22:15Z,21767,2113,29
Xngp0_I-SaM,#5 世の中舐めてるラジオ ~命を落としかけた話~【奏手イヅル】,2020-09-16T14:48:53Z,5436,654,11
ys_XMENsF1o,#1【ピクミン2】一度 挫折したゲーム【奏手イヅル】,2020-09-12T17:02:35Z,4348,534,2
VllwASyT7fE,#4 世の中舐めてるラジオ ~ヤバイ元カノ元カレの話♡後半~【奏手イヅル】,2020-09-10T15:24:19Z,7121,710,12
TJtJbJ7ne4M,【記念枠】3万人ありがとう！新しい配信レイアウトも！【奏手イヅル】,2020-09-09T15:08:04Z,5896,1033,23
z_h5jhphFbo,【SPELL BREAK】魔法バトロワって なに【奏手イヅル/アステル/岸堂天真】,2020-09-05T14:34:40Z,4542,446,3
T2DTAS_VAgc,【Chinese Parents】子供作って育てるぞ！【奏手イヅル】,2020-09-04T12:45:36Z,11746,1077,4
CAEq9bZRE0o,【Fall guys】ぼちぼちやりますか【奏手イヅル】,2020-09-03T11:14:26Z,8142,894,11
VMY3FY84QdM,【月一談義】8月編！漢たちの夏【奏手イヅル/アステル】,2020-08-29T14:32:04Z,5002,586,4
_PsBB6Ps_Ko,【アソビ大全】遂に決戦の時が来ました【奏手イヅル/夕刻ロベル】,2020-08-18T12:54:28Z,18908,1552,53
OsUybM5cJUc,【Cover】テレキャスタービーボーイ / 奏手イヅル(Kanade Izuru),2020-08-16T10:00:11Z,465894,17151,288
iMzEsJQP_Ug,#3 世の中舐めてるラジオ ~ヤバイ元カノ元カレの話♡前半~【奏手イヅル】,2020-08-13T16:32:42Z,6778,581,5
1Zh_WM6HX2k,【HBD!!】今年の誕生日は結構嬉しい【奏手イヅル】,2020-08-12T11:52:43Z,7479,1107,18
4PfDCO8ZI7k,【#ホロスタ夏衣装】我ながら可愛いと思う【奏手イヅル】,2020-08-04T11:31:22Z,20879,1711,18
kJ6h4Er6z1c,#2 世の中舐めてるラジオ ~これだけは許せない他人の言動~【奏手イヅル】,2020-07-30T15:14:36Z,5818,515,4
4JdLNsBXfJ8,#1 世の中舐めてるラジオ ~ネット人生で一番恥ずかしかったこと~【奏手イヅル】,2020-07-23T15:10:59Z,7432,547,4
r5C3Au2h6po,8分音符ちゃんチャレンジ ~もののけ姫~【奏手イヅル】,2020-07-17T10:35:04Z,18896,2199,25
LwGcPtP9fMw,【記念枠】2万人ありがとう！獄激辛食べきって1曲歌う【奏手イヅル】,2020-07-08T15:04:17Z,7323,882,17
LdflCuPhgGM,『原宿の母』の『一番弟子』をテレビで見たことある『奏手イヅル』,2020-07-04T10:18:55Z,4063,397,3
RnDJR_I4k20,【月一アスイヅ談義】6月の活動を振り返る!!【奏手イヅル/アステル】,2020-06-27T14:11:39Z,4141,370,0
-Kvn8qpMUdQ,【Cover】虹を待つ人(BUMP OF CHICKEN) / 奏手イヅル,2020-06-22T12:00:11Z,200545,6595,145
EQmdGlVR71w,#1-1【影廊-Shadow Corridor-】ほぼ1年ぶりの地獄【奏手イヅル】,2020-06-18T12:01:54Z,5896,446,4
F8D9hLfTRAs,壺おじ競争【奏手イヅル/アステル/鏡見キラ/影山シエン】,2020-06-08T09:43:01Z,16898,1368,14
v8E5-ox41OQ,#1【ピクミン】ゆったり初見ピクミン【奏手イヅル】,2020-05-25T10:56:14Z,3639,246,3
RetiRaNqLdw,【休むな！8分音符ちゃん】Lemon歌いきるまでにクリアできるか【奏手イヅル】,2020-05-21T10:49:02Z,46683,5976,143
t-x7sh-gsyY,【Nostalgic Train】田舎で俺と暮らさないか？【奏手イヅル】,2020-05-11T11:06:01Z,10294,906,15
OWHhnqO0hxs,【#汚部屋王選手権】集いし、戦士たち【奏手イヅル/夕刻ロベル】,2020-05-08T12:12:02Z,52621,2535,41
GKy8Or7En0o,【弾き語り】男独り ラブライブ μ's縛り【奏手イヅル】,2020-04-28T16:56:18Z,12158,998,23
X_zmIdP3jbg,【Cover】unravel(TK from 凛として時雨) / 奏手イヅル,2020-03-30T12:00:10Z,418080,21652,484
XyA3MyUPN0E,#1【新衣装】お待たせ、待った？【奏手イヅル/#ホロスターズ新衣装】,2020-03-15T10:57:52Z,10232,776,16
jwvJ6GBf4Ro,【Cover】猫猫的宇宙論(ナユタン星人) / 奏手イヅル,2020-03-08T09:00:13Z,249339,7585,149
GVp0yH6EEZE,【Cover】YELLOW【奏手イヅル/唯牙コハク】,2020-02-21T12:00:13Z,321801,15886,174
rkEHHJ0RTrE,【Cover】威風堂々 / RIZnote【奏手イヅル/律可】,2020-02-15T14:00:12Z,520898,21480,307
FyDIDXh-PF4,【ProjectWinter】ホロスタお泊り会in雪山【#ホロスタ雪山】,2020-01-13T14:22:02Z,7528,353,5
oPahzleK0Nk,【Cover】それがあなたの幸せとしても(Heavenz) / 奏手イヅル,2019-12-30T03:00:12Z,405713,11864,174
OjpmQywejQM,【Cover】太陽系デスコ / RIZnote【奏手イヅル/律可】,2019-12-09T12:00:10Z,403668,11260,151
lrzH_yQTuWM,【60 Seconds!】生きる(初見)【奏手イヅル/ホロスターズ】,2019-11-25T12:45:15Z,2398,152,3
FUxsxV-Ml0o,【Cover】ベノム(かいりきベア) / 奏手イヅル,2019-09-28T12:00:10Z,535830,19397,371
Q978b1YXHtI,【Cover】ドラマツルギー / 奏手イヅル,2019-09-09T12:00:14Z,587913,20131,252
O3rOo0L03uI,#1【Getting Over It】初見だがあわよくば全クリしたい奏手イヅル【ホロスターズ】,2019-08-07T15:45:09Z,3224,247,4
SXlqWrEG7-o,#1【弾き語り】奏手イヅルの歌枠です。【ホロスターズ】,2019-06-24T15:44:12Z,25529,1387,24
nieOifo5OMc,【初配信🔰】奏手イヅルをお願いします。【ホロスターズ】,2019-06-22T16:13:00Z,56946,2471,40
